"RH"	"C"	"monthly.gam.surface"
70	3	0.0987833205791526
70	4	0.128908542737033
70	5	0.171135937991136
70	6	0.229604221793023
70	7	0.29699906443636
70	8	0.359596422103230
70	9	0.405213502255356
70	10	0.439802669099539
70	11	0.479312284464813
70	12	0.533961196402843
70	13	0.602716267771219
70	14	0.676607886979227
70	15	0.745228374464286
70	16	0.795015435839366
70	17	0.81857792236763
70	18	0.81549019664166
70	19	0.79198353126102
70	20	0.763935135786007
70	21	0.738265246250471
70	22	0.710062590795261
70	23	0.665568407529702
70	24	0.58390885287249
70	25	0.464410973334583
70	26	0.333846033774506
70	27	0.22048231601734
70	28	0.130176314498151
70	29	0.0510216115591994
70	30	0
70	31	0
70	32	0
70	33	0
70	34	0
70	35	0
71	3	0.107709473153705
71	4	0.142424762986556
71	5	0.189324614802676
71	6	0.250384266998785
71	7	0.317678038015088
71	8	0.377219820457112
71	9	0.421093293258638
71	10	0.45825047319708
71	11	0.508621235928892
71	12	0.58208092724005
71	13	0.669861732486255
71	14	0.752212679775247
71	15	0.818053101475861
71	16	0.861102787088025
71	17	0.883566330831737
71	18	0.891502892484039
71	19	0.88728740112139
71	20	0.877553665718329
71	21	0.865339122438004
71	22	0.840321569011637
71	23	0.779323519518816
71	24	0.667112127229536
71	25	0.511173162448959
71	26	0.349260675350759
71	27	0.217262780357994
71	28	0.119545966271075
71	29	0.0391975222752594
71	30	0
71	31	0
71	32	0
71	33	0
71	34	0
71	35	0
72	3	0.121318187795960
72	4	0.161524063571154
72	5	0.212333685214263
72	6	0.273346920414611
72	7	0.335774037021252
72	8	0.388927422237277
72	9	0.430848436592934
72	10	0.475239585805373
72	11	0.540829936283255
72	12	0.632871342610361
72	13	0.734776835581406
72	14	0.820191315282342
72	15	0.87922466303427
72	16	0.915989643539177
72	17	0.945918724048852
72	18	0.976776591189475
72	19	0.997316781878176
72	20	0.999449220828188
72	21	0.985322587529994
72	22	0.94954044261181
72	23	0.867634002125521
72	24	0.726017818952868
72	25	0.539199665449361
72	26	0.350734177760691
72	27	0.202462426133252
72	28	0.0971048904255547
72	29	0.0131656305888268
72	30	0
72	31	0
72	32	0
72	33	0
72	34	0
72	35	0
73	3	0.133647851082783
73	4	0.178801213187470
73	5	0.23330969895577
73	6	0.294027335037607
73	7	0.352630034065811
73	8	0.402858392253013
73	9	0.448090340853594
73	10	0.50446512809976
73	11	0.586179291895606
73	12	0.691287857928386
73	13	0.798755028182018
73	14	0.882574510333584
73	15	0.936938746751184
73	16	0.975237973269286
73	17	1.02031463608681
73	18	1.07778197113155
73	19	1.11694271817752
73	20	1.11368689722191
73	21	1.07500233683906
73	22	1.01256834551102
73	23	0.910587793946675
73	24	0.750561273846957
73	25	0.546761937810621
73	26	0.343569991507690
73	27	0.184386532677829
73	28	0.0713090948602811
73	29	0
73	30	0
73	31	0
73	32	0
73	33	0
73	34	0
73	35	0
74	3	0.137778268730833
74	4	0.18825209665766
74	5	0.247846190771648
74	6	0.311402815919383
74	7	0.371254860370007
74	8	0.425275427022987
74	9	0.480717702136868
74	10	0.552363069331383
74	11	0.6486559999512
74	12	0.762587704072266
74	13	0.872284593032451
74	14	0.955535108254099
74	15	1.01178140807345
74	16	1.06204572367986
74	17	1.12742478261744
74	18	1.20238290251579
74	19	1.24448710731436
74	20	1.22157300426456
74	21	1.14856402375509
74	22	1.05532878763113
74	23	0.936444676990622
74	24	0.767035886087406
74	25	0.556094268550542
74	26	0.345417013422802
74	27	0.175877982478243
74	28	0.0522929131191220
74	29	0
74	30	0
74	31	0
74	32	0
74	33	0
74	34	0
74	35	0
75	3	0.133743827628710
75	4	0.190165523109711
75	5	0.256773524429841
75	6	0.326285480384334
75	7	0.392716175084804
75	8	0.456731905799855
75	9	0.526934870589213
75	10	0.614959204437855
75	11	0.723584997773959
75	12	0.843918277400688
75	13	0.956700954145427
75	14	1.04623696069417
75	15	1.11517599569031
75	16	1.18414507194667
75	17	1.2674762811812
75	18	1.34574470270250
75	19	1.37648929508048
75	20	1.33741203943375
75	21	1.24404843213082
75	22	1.13282948182338
75	23	0.998764768958078
75	24	0.814222640681485
75	25	0.589048056166919
75	26	0.364609653199882
75	27	0.181207909301514
75	28	0.0437710046433252
75	29	0
75	30	0
75	31	0
75	32	0
75	33	0
75	34	0
75	35	0
76	3	0.130342926772688
76	4	0.1914611372006
76	5	0.264177891695794
76	6	0.339525923353561
76	7	0.412961893893001
76	8	0.487692312407543
76	9	0.57214688418039
76	10	0.674535643474785
76	11	0.7941450234061
76	12	0.921630427850056
76	13	1.04267700757696
76	14	1.14622575466008
76	15	1.23533282392465
76	16	1.32331922577308
76	17	1.41213582322572
76	18	1.48278829515747
76	19	1.50616902937605
76	20	1.46984171832799
76	21	1.3851909470773
76	22	1.27282983172577
76	23	1.12125532446753
76	24	0.906916454685525
76	25	0.647897546886368
76	26	0.396008904843479
76	27	0.194335672959981
76	28	0.0436138980151372
76	29	0
76	30	0
76	31	0
76	32	0
76	33	0
76	34	0
76	35	0
77	3	0.133539678048086
77	4	0.197481634713365
77	5	0.272529546455247
77	6	0.349123125460743
77	7	0.424516625883458
77	8	0.504700845537261
77	9	0.598243697981913
77	10	0.711560472884474
77	11	0.841168497537306
77	12	0.977822173836889
77	13	1.11201675240613
77	14	1.23287672855943
77	15	1.34192839877167
77	16	1.4442147003286
77	17	1.53509626326728
77	18	1.6007507541846
77	19	1.62973226515482
77	20	1.61677382988692
77	21	1.56167287921201
77	22	1.45913064175963
77	23	1.28635533418336
77	24	1.02756102557082
77	25	0.718523922847059
77	26	0.431049610082019
77	27	0.208382928733471
77	28	0.0436999803512038
77	29	0
77	30	0
77	31	0
77	32	0
77	33	0
77	34	0
77	35	0
78	3	0.144233171978871
78	4	0.207565339283834
78	5	0.279338495384284
78	6	0.350782042791975
78	7	0.421326558606792
78	8	0.499511921501043
78	9	0.595946418062918
78	10	0.716107585030668
78	11	0.855019794869688
78	12	1.00297540526291
78	13	1.15240406032436
78	14	1.29433722846241
78	15	1.42573653959077
78	16	1.54448144389820
78	17	1.64546094097093
78	18	1.72122833541880
78	19	1.76986571729647
78	20	1.78979899271685
78	21	1.76570141851736
78	22	1.66724783100020
78	23	1.46192016055051
78	24	1.14844867610825
78	25	0.785144396231913
78	26	0.458524515399558
78	27	0.212711308849913
78	28	0.0311743231514146
78	29	0
78	30	0
78	31	0
78	32	0
78	33	0
78	34	0
78	35	0
79	3	0.159188298192600
79	4	0.215996123652524
79	5	0.277586766771621
79	6	0.337966041105781
79	7	0.399700376976278
79	8	0.473364031800402
79	9	0.569908753950004
79	10	0.694509246468151
79	11	0.843866632836095
79	12	1.00826970123111
79	13	1.17838625663002
79	14	1.34634922599237
79	15	1.50677070675297
79	16	1.65218469043852
79	17	1.7771902737889
79	18	1.88027897333136
79	19	1.9575901100652
79	20	2.00876349333885
79	21	2.00407827113815
79	22	1.89054707798459
79	23	1.63476260493991
79	24	1.26051350261102
79	25	0.844325955505471
79	26	0.478178483311297
79	27	0.204192488000240
79	28	8.29424039703666e-05
79	29	0
79	30	0
79	31	0
79	32	0
79	33	0
79	34	0
79	35	0
80	3	0.168616886986436
80	4	0.215118713910956
80	5	0.262404177797579
80	6	0.310206092352859
80	7	0.364857729988441
80	8	0.436692474247548
80	9	0.536007265845409
80	10	0.668451116441432
80	11	0.832841595264435
80	12	1.01915403438318
80	13	1.21614944691192
80	14	1.41582963343595
80	15	1.61029481720059
80	16	1.78929664041757
80	17	1.94778307693023
80	18	2.08713217562330
80	19	2.2021276054687
80	20	2.27644244293882
80	21	2.26987279857732
80	22	2.11900333231827
80	23	1.7968752893351
80	24	1.35594137504177
80	25	0.887804782779717
80	26	0.48652251125213
80	27	0.184156493696367
80	28	0
80	29	0
80	30	0
80	31	0
80	32	0
80	33	0
80	34	0
80	35	0
81	3	0.167385958231326
81	4	0.203984480653754
81	5	0.239693214625146
81	6	0.279516329499772
81	7	0.331528246660551
81	8	0.406432224217996
81	9	0.514754635631033
81	10	0.66222906971227
81	11	0.846448337760479
81	12	1.05734821643459
81	13	1.28419558310097
81	14	1.51704182313578
81	15	1.74559817198711
81	16	1.96028894658065
81	17	2.15492954353426
81	18	2.33091600312911
81	19	2.47412971986683
81	20	2.55419146416652
81	21	2.52158001755605
81	22	2.31494058997766
81	23	1.92187088894344
81	24	1.41778253264204
81	25	0.905537313035476
81	26	0.473384105432583
81	27	0.144014205196061
81	28	0
81	29	0
81	30	0
81	31	0
81	32	0
81	33	0
81	34	0
81	35	0
82	3	0.157876227563268
82	4	0.187748920412627
82	5	0.218383089217944
82	6	0.257545012086897
82	7	0.314414011797444
82	8	0.399280185355008
82	9	0.522903563440314
82	10	0.689058880579156
82	11	0.894372872651407
82	12	1.12912185228115
82	13	1.38272001434435
82	14	1.64366359467117
82	15	1.90100754913237
82	16	2.14543103648934
82	17	2.36926402525696
82	18	2.56722101358557
82	19	2.71723302325836
82	20	2.77688045156217
82	21	2.70189585683821
82	22	2.43109607459075
82	23	1.98089548380446
82	24	1.43317873130147
82	25	0.89176411624423
82	26	0.438164853136804
82	27	0.0910043392580348
82	28	0
82	29	0
82	30	0
82	31	0
82	32	0
82	33	0
82	34	0
82	35	0
83	3	0.14572373470446
83	4	0.172354165826565
83	5	0.204188138282108
83	6	0.249752192642476
83	7	0.319333654741886
83	8	0.421860006401941
83	9	0.564943630884181
83	10	0.750009366593906
83	11	0.973357489149875
83	12	1.22616669939797
83	13	1.49809780956745
83	14	1.77705492691030
83	15	2.05125855553333
83	16	2.31057899334471
83	17	2.54473870274334
83	18	2.74090229937259
83	19	2.87048448833583
83	20	2.89531336052412
83	21	2.77586950006457
83	22	2.46202901545226
83	23	1.97830468953608
83	24	1.40731476236102
83	25	0.853366544464333
83	26	0.396013546000224
83	27	0.0454613284817077
83	28	0
83	29	0
83	30	0
83	31	0
83	32	0
83	33	0
83	34	0
83	35	0
84	3	0.133719826859452
84	4	0.16104913305109
84	5	0.199235380331263
84	6	0.257221830099908
84	7	0.344216959843334
84	8	0.46778686098205
84	9	0.631017242788393
84	10	0.832915375785612
84	11	1.06914147928933
84	12	1.33285455857566
84	13	1.61423465314431
84	14	1.90001052625386
84	15	2.17763222854273
84	16	2.43534168556727
84	17	2.66001832140575
84	18	2.83215133548119
84	19	2.92355545640214
84	20	2.90536159786475
84	21	2.74488136394415
84	22	2.41267635685959
84	23	1.92535860547235
84	24	1.36037170085031
84	25	0.81722636724117
84	26	0.36947549736783
84	27	0.0215445095095833
84	28	0
84	29	0
84	30	0
84	31	0
84	32	0
84	33	0
84	34	0
84	35	0
85	3	0.120843171502019
85	4	0.152052629050084
85	5	0.200319712056108
85	6	0.274312756706704
85	7	0.380786321651028
85	8	0.524207910042708
85	9	0.704899597357339
85	10	0.920174114135962
85	11	1.16552317213103
85	12	1.43456902968879
85	13	1.71810645241614
85	14	2.00212549946915
85	15	2.27373903859532
85	16	2.51897224840007
85	17	2.7210455951191
85	18	2.85916676536014
85	19	2.90963721667968
85	20	2.84875438521155
85	21	2.65425708994513
85	22	2.31420086332131
85	23	1.84642089450481
85	24	1.31314372785699
85	25	0.799053293333697
85	26	0.370301023690543
85	27	0.0270329771610910
85	28	0
85	29	0
85	30	0
85	31	0
85	32	0
85	33	0
85	34	0
85	35	0
86	3	0.104909238708821
86	4	0.142285693812524
86	5	0.202705270982006
86	6	0.293302141672325
86	7	0.418245284803116
86	8	0.579352926830017
86	9	0.77487892603402
86	10	1.00089172987456
86	11	1.25296862698300
86	12	1.52411140196692
86	13	1.80499009497003
86	14	2.08263968485301
86	15	2.34274719453490
86	16	2.56955262747011
86	17	2.74467005372039
86	18	2.84782339334536
86	19	2.85988032639695
86	20	2.76433464338317
86	21	2.54857434458850
86	22	2.21052284361857
86	23	1.77113835055896
86	24	1.28077475402718
86	25	0.807651340255709
86	26	0.400248274719858
86	27	0.063459885109981
86	28	0
86	29	0
86	30	0
86	31	0
86	32	0
86	33	0
86	34	0
86	35	0
87	3	0.0862845476902493
87	4	0.132592955385604
87	5	0.206577900837101
87	6	0.313485618110363
87	7	0.455265208527624
87	8	0.6317011293399
87	9	0.840278431715803
87	10	1.07633636347552
87	11	1.33375029916763
87	12	1.60422683577762
87	13	1.87937388694741
87	14	2.14674153263299
87	15	2.39124242688833
87	16	2.59681761147936
87	17	2.74507207371611
87	18	2.81582207533262
87	19	2.79511614323454
87	20	2.67461244987084
87	21	2.44965938646241
87	22	2.12234814142536
87	23	1.71464819269485
87	24	1.26931715620332
87	25	0.836540490418467
87	26	0.451251106060707
87	27	0.123118328138197
87	28	0
87	29	0
87	30	0
87	31	0
87	32	0
87	33	0
87	34	0
87	35	0
88	3	0.0717025437235893
88	4	0.130474037872951
88	5	0.218970636629278
88	6	0.341095595418950
88	7	0.497726166684238
88	8	0.687633360899993
88	9	0.908410958530243
88	10	1.15397257323781
88	11	1.41615783395381
88	12	1.68437797189778
88	13	1.94983481120261
88	14	2.20195361580989
88	15	2.42629624593404
88	16	2.60746618214458
88	17	2.72937123467103
88	18	2.77210175099712
88	19	2.72526046096929
88	20	2.58852618280708
88	21	2.3623026842492
88	22	2.05218124151421
88	23	1.67845819493372
88	24	1.27498534164723
88	25	0.877052747525371
88	26	0.514396297656421
88	27	0.197293177067415
88	28	0
88	29	0
88	30	0
88	31	0
88	32	0
88	33	0
88	34	0
88	35	0
89	3	0.073618180208562
89	4	0.147958859584640
89	5	0.252358872262466
89	6	0.387668899628597
89	7	0.555904632254857
89	8	0.758079364890537
89	9	0.99030384495556
89	10	1.24369829040259
89	11	1.50862492649084
89	12	1.77196170744850
89	13	2.02424088494305
89	14	2.25574713763683
89	15	2.45421018511434
89	16	2.60650856406637
89	17	2.6990062853621
89	18	2.71766462447911
89	19	2.65404180428701
89	20	2.50951921696774
89	21	2.28801491807486
89	22	1.99822434243053
89	23	1.65774590857665
89	24	1.29184400271186
89	25	0.92727052884234
89	26	0.586364532133903
89	27	0.279966567478913
89	28	0.0095454513668187
89	29	0
89	30	0
89	31	0
89	32	0
89	33	0
89	34	0
89	35	0
90	3	0.106231414942525
90	4	0.195884112658446
90	5	0.314560665940987
90	6	0.461610008046321
90	7	0.640134870570341
90	8	0.853050886095952
90	9	1.09539053119382
90	10	1.35358872302311
90	11	1.61575165716581
90	12	1.86885067712061
90	13	2.10336269630854
90	14	2.31022941859011
90	15	2.47947924029132
90	16	2.60104032378276
90	17	2.66487576367666
90	18	2.66178069677701
90	19	2.58662612268163
90	20	2.4402086742243
90	21	2.22765080117857
90	22	1.95848961107420
90	23	1.64775192825256
90	24	1.31483363516489
90	25	0.979993535312854
90	26	0.660139230995584
90	27	0.365471702213992
90	28	0.0998251175231192
90	29	0
90	30	0
90	31	0
90	32	0
90	33	0
90	34	0
90	35	0
91	3	0.174960286650658
91	4	0.277324304242371
91	5	0.409178144549675
91	6	0.568587476429352
91	7	0.758622033922084
91	8	0.980060185426974
91	9	1.22661226003842
91	10	1.48364287634257
91	11	1.73624355691283
91	12	1.97294177612784
91	13	2.18514099447546
91	14	2.36493031117568
91	15	2.50390775837359
91	16	2.59546116365945
91	17	2.63334035527478
91	18	2.61172554235469
91	19	2.52755567268189
91	20	2.38185967834821
91	21	2.17967559336411
91	22	1.92988624927780
91	23	1.64507256646438
91	24	1.34041436990898
91	25	1.03144880902939
91	26	0.731438909522889
91	27	0.449485120191955
91	28	0.190346364952291
91	29	0
91	30	0
91	31	0
91	32	0
91	33	0
91	34	0
91	35	0
92	3	0.274774297161258
92	4	0.389254815837464
92	5	0.533200268153425
92	6	0.704989819855998
92	7	0.90498485697393
92	8	1.13126383572563
92	9	1.37688598931514
92	10	1.62646366450492
92	11	1.86381630182101
92	12	2.07892937574630
92	13	2.26495316087331
92	14	2.41636805612142
92	15	2.52582976350249
92	16	2.59005290178913
92	17	2.60560161984079
92	18	2.56872948350624
92	19	2.47773454971042
92	20	2.33396190246574
92	21	2.14202604663499
92	22	1.90964454876804
92	23	1.64717910288988
92	24	1.36665384676307
92	25	1.08023556457675
92	26	0.798575741003128
92	27	0.529618828211054
92	28	0.278290631024873
92	29	0.0469307311356898
92	30	0
92	31	0
92	32	0
92	33	0
92	34	0
92	35	0
93	3	0.399070933748575
93	4	0.52384267875601
93	5	0.677247033096852
93	6	0.858386953376646
93	7	1.06486737131920
93	8	1.29222972957862
93	9	1.531973090618
93	10	1.76975568748011
93	11	1.98787274111523
93	12	2.17812854280567
93	13	2.33558605751942
93	14	2.45789312911553
93	15	2.54142959696848
93	16	2.58307470337458
93	17	2.58055301535640
93	18	2.53173981558717
93	19	2.43596676885484
93	20	2.29483795039682
93	21	2.11249127481948
93	22	1.89546456748921
93	23	1.65223638369820
93	24	1.39243011367988
93	25	1.12575077627582
93	26	0.860891621377966
93	27	0.604726040167602
93	28	0.36199042124598
93	29	0.135423228892746
93	30	0
93	31	0
93	32	0
93	33	0
93	34	0
93	35	0
94	3	0.535836120469495
94	4	0.669603823991305
94	5	0.830212636376732
94	6	1.01633820048151
94	7	1.22446185802876
94	8	1.44820105669665
94	9	1.67734852689873
94	10	1.89780839249669
94	11	2.09404033731123
94	12	2.25879819848812
94	13	2.39060406372562
94	14	2.48816868192195
94	15	2.54981593566432
94	16	2.57323847569264
94	17	2.55667352167502
94	18	2.49901178312436
94	19	2.40032852223913
94	20	2.26240379961602
94	21	2.08893562958207
94	22	1.88543835651955
94	23	1.65886635098088
94	24	1.41700524428611
94	25	1.16771551734485
94	26	0.918179701134046
94	27	0.674327481702037
94	28	0.440552215858952
94	29	0.219717480901478
94	30	0.0133616219231254
94	31	0
94	32	0
94	33	0
94	34	0
94	35	0
95	3	0.676077224259524
95	4	0.816554782094917
95	5	0.981251456865639
95	6	1.16836434832205
95	7	1.37377272023808
95	8	1.59015421341740
95	9	1.80567067847582
95	10	2.00490303126748
95	11	2.17711955261291
95	12	2.31885078811773
95	13	2.4290494425646
95	14	2.50678256754701
95	15	2.55087038832767
95	16	2.55988966773901
95	17	2.53270897250690
95	18	2.46886098710555
95	19	2.36888932718068
95	20	2.23465374713176
95	21	2.06946400629766
95	22	1.87799542412676
95	23	1.66599898197085
95	24	1.43984839495582
95	25	1.20599615890695
95	26	0.970438699728316
95	27	0.738294190882596
95	28	0.513561421558442
95	29	0.299068515794806
95	30	0.0965689756448243
95	31	0
95	32	0
95	33	0
95	34	0
95	35	0
96	3	0.8132096886225
96	4	0.957403899517522
96	5	1.12270787044250
96	6	1.30692224342403
96	7	1.5056665702834
96	8	1.71168647182738
96	9	1.91336105616959
96	10	2.09148781810462
96	11	2.24010764227812
96	12	2.360944701069
96	13	2.45277550001929
96	14	2.51437303520628
96	15	2.54464898602897
96	16	2.5426452953766
96	17	2.50774196652793
96	18	2.43992217714797
96	19	2.34001635538943
96	20	2.20988859019300
96	21	2.05250872172793
96	22	1.87187660012207
96	23	1.67280132399655
96	24	1.46056673078447
96	25	1.24053635575077
96	26	1.01776497969469
96	27	0.796682112381989
96	28	0.58089159603617
96	29	0.373098367439322
96	30	0.175143025216158
96	31	0
96	32	0
96	33	0
96	34	0
96	35	0
97	3	0.942738169233719
97	4	1.08754291874390
97	5	1.25008357697235
97	6	1.42775795005995
97	7	1.61595014957778
97	8	1.80746362985584
97	9	1.99123186566330
97	10	2.15090741162508
97	11	2.28176104745475
97	12	2.38605974519282
97	13	2.46314874002237
97	14	2.51196139688353
97	15	2.53159788453918
97	16	2.52142537509315
97	17	2.48119559286100
97	18	2.41120695659184
97	19	2.31246312021425
97	20	2.18678641101041
97	21	2.03685072013489
97	22	1.86611294800846
97	23	1.67864390054733
97	24	1.47888015586502
97	25	1.27133399725881
97	26	1.06030657779629
97	27	0.849647252435857
97	28	0.642589064237673
97	29	0.441670928419956
97	30	0.248738365346029
97	31	0.0650026445344458
97	32	0
97	33	0
97	34	0
97	35	0
98	3	1.06198330483975
98	4	1.20461019471907
98	5	1.36154749691824
98	6	1.52982461365377
98	7	1.70462396561913
98	8	1.87885420576979
98	9	2.04283387497323
98	10	2.18627171228917
98	11	2.30416711338913
98	12	2.39610729580657
98	13	2.46185719348730
98	14	2.50083072675802
98	15	2.51247100292975
98	16	2.49645506943897
98	17	2.45282182041905
98	18	2.38208989626178
98	19	2.28536199567509
98	20	2.16439289436131
98	21	2.02159927205111
98	22	1.85999868164110
98	23	1.68307865922540
98	24	1.49461077136437
98	25	1.29843497943837
98	26	1.09824485339032
98	27	0.897402589721936
98	28	0.698804825524066
98	29	0.504808413293006
98	30	0.317213478112347
98	31	0.137292541003192
98	32	0
98	33	0
98	34	0
98	35	0
99	3	1.16972044856863
99	4	1.30795867015199
99	5	1.45727308859162
99	6	1.61448716066227
99	7	1.77487521911152
99	8	1.93206626599252
99	9	2.07845461686592
99	10	2.2068610513585
99	11	2.31278704084051
99	12	2.39445965634615
99	13	2.45120321690354
99	14	2.48257485051316
99	15	2.48827003695693
99	16	2.46821283270498
99	17	2.42265411470908
99	18	2.35225874669901
99	19	2.25817521169997
99	20	2.14207514325565
99	21	2.00614992887718
99	22	1.85305705745222
99	23	1.68581751673648
99	24	1.50767456308826
99	25	1.32193122644402
99	26	1.13178734767637
99	27	0.940196026075463
99	28	0.749754450350783
99	29	0.56263671579591
99	30	0.380568560883208
99	31	0.204837930758468
99	32	0.0363319081267088
99	33	0
99	34	0
99	35	0
100	3	1.26577116029671
100	4	1.39806620331546
100	5	1.53858159921291
100	6	1.68414222937226
100	7	1.83038873156086
100	8	1.97190092695527
100	9	2.10272640386912
100	10	2.21741978568528
100	11	2.31207885631706
100	12	2.38451085152503
100	13	2.43363366227582
100	14	2.45891279687958
100	15	2.46012848439698
100	16	2.43734236991154
100	17	2.39093297812499
100	18	2.32164475017324
100	19	2.23062867674305
100	20	2.11946141068068
100	21	1.99013349773164
100	22	1.84500199641038
100	23	1.68670867676803
100	24	1.51807100564343
100	25	1.34195784338429
100	26	1.16116413565077
100	27	0.978298423957882
100	28	0.795693976674493
100	29	0.615349672846123
100	30	0.438901725958697
100	31	0.267623092247797
100	32	0.102444683553699
100	33	0
100	34	0
100	35	0
