"RH"	"C"	"daily.gam.surface"
0	-15	0
0	-14	0
0	-13	0
0	-12	0
0	-11	0
0	-10	0
0	-9	0
0	-8	0
0	-7	0
0	-6	0
0	-5	0
0	-4	0
0	-3	0
0	-2	0
0	-1	0
0	0	0
0	1	0
0	2	0
0	3	0
0	4	0
0	5	0
0	6	0
0	7	0
0	8	0
0	9	0
0	10	0
0	11	0
0	12	0
0	13	0
0	14	0
0	15	0
0	16	0
0	17	0
0	18	0
0	19	0
0	20	0
0	21	0
0	22	0
0	23	0
0	24	0
0	25	0
0	26	0
0	27	0
0	28	0
0	29	0
0	30	0
0	31	0
0	32	0
0	33	0
0	34	0
0	35	0
0	36	0
0	37	0
0	38	0
0	39	0
0	40	0
0	41	0
0	42	0
0	43	0
0	44	0
0	45	0
0	46	0
0	47	0
0	48	0
0	49	0
0	50	0
1	-15	0
1	-14	0
1	-13	0
1	-12	0
1	-11	0
1	-10	0
1	-9	0
1	-8	0
1	-7	0
1	-6	0
1	-5	0
1	-4	0
1	-3	0
1	-2	0
1	-1	0
1	0	0
1	1	0
1	2	0
1	3	0
1	4	0
1	5	0
1	6	0
1	7	0
1	8	0
1	9	0
1	10	0
1	11	0
1	12	0
1	13	0
1	14	0
1	15	0
1	16	0
1	17	0
1	18	0
1	19	0
1	20	0
1	21	0
1	22	0
1	23	0
1	24	0
1	25	0
1	26	0
1	27	0
1	28	0
1	29	0
1	30	0
1	31	0
1	32	0
1	33	0
1	34	0
1	35	0
1	36	0
1	37	0
1	38	0
1	39	0
1	40	0
1	41	0
1	42	0
1	43	0
1	44	0
1	45	0
1	46	0
1	47	0
1	48	0
1	49	0
1	50	0
2	-15	0
2	-14	0
2	-13	0
2	-12	0
2	-11	0
2	-10	0
2	-9	0
2	-8	0
2	-7	0
2	-6	0
2	-5	0
2	-4	0
2	-3	0
2	-2	0
2	-1	0
2	0	0
2	1	0
2	2	0
2	3	0
2	4	0
2	5	0
2	6	0
2	7	0
2	8	0
2	9	0
2	10	0
2	11	0
2	12	0
2	13	0
2	14	0
2	15	0
2	16	0
2	17	0
2	18	0
2	19	0
2	20	0
2	21	0
2	22	0
2	23	0
2	24	0
2	25	0
2	26	0
2	27	0
2	28	0
2	29	0
2	30	0
2	31	0
2	32	0
2	33	0
2	34	0
2	35	0
2	36	0
2	37	0
2	38	0
2	39	0
2	40	0
2	41	0
2	42	0
2	43	0
2	44	0
2	45	0
2	46	0
2	47	0
2	48	0
2	49	0
2	50	0
3	-15	0
3	-14	0
3	-13	0
3	-12	0
3	-11	0
3	-10	0
3	-9	0
3	-8	0
3	-7	0
3	-6	0
3	-5	0
3	-4	0
3	-3	0
3	-2	0
3	-1	0
3	0	0
3	1	0
3	2	0
3	3	0
3	4	0
3	5	0
3	6	0
3	7	0
3	8	0
3	9	0
3	10	0
3	11	0
3	12	0
3	13	0
3	14	0
3	15	0
3	16	0
3	17	0
3	18	0
3	19	0
3	20	0
3	21	0
3	22	0
3	23	0
3	24	0
3	25	0
3	26	0
3	27	0
3	28	0
3	29	0
3	30	0
3	31	0
3	32	0
3	33	0
3	34	0
3	35	0
3	36	0
3	37	0
3	38	0
3	39	0
3	40	0
3	41	0
3	42	0
3	43	0
3	44	0
3	45	0
3	46	0
3	47	0
3	48	0
3	49	0
3	50	0
4	-15	0
4	-14	0
4	-13	0
4	-12	0
4	-11	0
4	-10	0
4	-9	0
4	-8	0
4	-7	0
4	-6	0
4	-5	0
4	-4	0
4	-3	0
4	-2	0
4	-1	0
4	0	0
4	1	0
4	2	0
4	3	0
4	4	0
4	5	0
4	6	0
4	7	0
4	8	0
4	9	0
4	10	0
4	11	0
4	12	0
4	13	0
4	14	0
4	15	0
4	16	0
4	17	0
4	18	0
4	19	0
4	20	0
4	21	0
4	22	0
4	23	0
4	24	0
4	25	0
4	26	0
4	27	0
4	28	0
4	29	0
4	30	0
4	31	0
4	32	0
4	33	0
4	34	0
4	35	0
4	36	0
4	37	0
4	38	0
4	39	0
4	40	0
4	41	0
4	42	0
4	43	0
4	44	0
4	45	0
4	46	0
4	47	0
4	48	0
4	49	0
4	50	0
5	-15	0
5	-14	0
5	-13	0
5	-12	0
5	-11	0
5	-10	0
5	-9	0
5	-8	0
5	-7	0
5	-6	0
5	-5	0
5	-4	0
5	-3	0
5	-2	0
5	-1	0
5	0	0
5	1	0
5	2	0
5	3	0
5	4	0
5	5	0
5	6	0
5	7	0
5	8	0
5	9	0
5	10	0
5	11	0
5	12	0
5	13	0
5	14	0
5	15	0
5	16	0
5	17	0
5	18	0
5	19	0
5	20	0
5	21	0
5	22	0
5	23	0
5	24	0
5	25	0
5	26	0
5	27	0
5	28	0
5	29	0
5	30	0
5	31	0
5	32	0
5	33	0
5	34	0
5	35	0
5	36	0
5	37	0
5	38	0
5	39	0
5	40	0
5	41	0
5	42	0
5	43	0
5	44	0
5	45	0
5	46	0
5	47	0
5	48	0
5	49	0
5	50	0
6	-15	0
6	-14	0
6	-13	0
6	-12	0
6	-11	0
6	-10	0
6	-9	0
6	-8	0
6	-7	0
6	-6	0
6	-5	0
6	-4	0
6	-3	0
6	-2	0
6	-1	0
6	0	0
6	1	0
6	2	0
6	3	0
6	4	0
6	5	0
6	6	0
6	7	0
6	8	0
6	9	0
6	10	0
6	11	0
6	12	0
6	13	0
6	14	0
6	15	0
6	16	0
6	17	0
6	18	0
6	19	0
6	20	0
6	21	0
6	22	0
6	23	0
6	24	0
6	25	0
6	26	0
6	27	0
6	28	0
6	29	0
6	30	0
6	31	0
6	32	0
6	33	0
6	34	0
6	35	0
6	36	0
6	37	0
6	38	0
6	39	0
6	40	0
6	41	0
6	42	0
6	43	0
6	44	0
6	45	0
6	46	0
6	47	0
6	48	0
6	49	0
6	50	0
7	-15	0
7	-14	0
7	-13	0
7	-12	0
7	-11	0
7	-10	0
7	-9	0
7	-8	0
7	-7	0
7	-6	0
7	-5	0
7	-4	0
7	-3	0
7	-2	0
7	-1	0
7	0	0
7	1	0
7	2	0
7	3	0
7	4	0
7	5	0
7	6	0
7	7	0
7	8	0
7	9	0
7	10	0
7	11	0
7	12	0
7	13	0
7	14	0
7	15	0
7	16	0
7	17	0
7	18	0
7	19	0
7	20	0
7	21	0
7	22	0
7	23	0
7	24	0
7	25	0
7	26	0
7	27	0
7	28	0
7	29	0
7	30	0
7	31	0
7	32	0
7	33	0
7	34	0
7	35	0
7	36	0
7	37	0
7	38	0
7	39	0
7	40	0
7	41	0
7	42	0
7	43	0
7	44	0
7	45	0
7	46	0
7	47	0
7	48	0
7	49	0
7	50	0
8	-15	0
8	-14	0
8	-13	0
8	-12	0
8	-11	0
8	-10	0
8	-9	0
8	-8	0
8	-7	0
8	-6	0
8	-5	0
8	-4	0
8	-3	0
8	-2	0
8	-1	0
8	0	0
8	1	0
8	2	0
8	3	0
8	4	0
8	5	0
8	6	0
8	7	0
8	8	0
8	9	0
8	10	0
8	11	0
8	12	0
8	13	0
8	14	0
8	15	0
8	16	0
8	17	0
8	18	0
8	19	0
8	20	0
8	21	0
8	22	0
8	23	0
8	24	0
8	25	0
8	26	0
8	27	0
8	28	0
8	29	0
8	30	0
8	31	0
8	32	0
8	33	0
8	34	0
8	35	0
8	36	0
8	37	0
8	38	0
8	39	0
8	40	0
8	41	0
8	42	0
8	43	0
8	44	0
8	45	0
8	46	0
8	47	0
8	48	0
8	49	0
8	50	0
9	-15	0
9	-14	0
9	-13	0
9	-12	0
9	-11	0
9	-10	0
9	-9	0
9	-8	0
9	-7	0
9	-6	0
9	-5	0
9	-4	0
9	-3	0
9	-2	0
9	-1	0
9	0	0
9	1	0
9	2	0
9	3	0
9	4	0
9	5	0
9	6	0
9	7	0
9	8	0
9	9	0
9	10	0
9	11	0
9	12	0
9	13	0
9	14	0
9	15	0
9	16	0
9	17	0
9	18	0
9	19	0
9	20	0
9	21	0
9	22	0
9	23	0
9	24	0
9	25	0
9	26	0
9	27	0
9	28	0
9	29	0
9	30	0
9	31	0
9	32	0
9	33	0
9	34	0
9	35	0
9	36	0
9	37	0
9	38	0
9	39	0
9	40	0
9	41	0
9	42	0
9	43	0
9	44	0
9	45	0
9	46	0
9	47	0
9	48	0
9	49	0
9	50	0
10	-15	0
10	-14	0
10	-13	0
10	-12	0
10	-11	0
10	-10	0
10	-9	0
10	-8	0
10	-7	0
10	-6	0
10	-5	0
10	-4	0
10	-3	0
10	-2	0
10	-1	0
10	0	0
10	1	0
10	2	0
10	3	0
10	4	0
10	5	0
10	6	0
10	7	0
10	8	0
10	9	0
10	10	0
10	11	0
10	12	0
10	13	0
10	14	0
10	15	0
10	16	0
10	17	0
10	18	0
10	19	0
10	20	0
10	21	0
10	22	0
10	23	0
10	24	0
10	25	0
10	26	0
10	27	0
10	28	0
10	29	0
10	30	0
10	31	0
10	32	0
10	33	0
10	34	0
10	35	0
10	36	0
10	37	0
10	38	0
10	39	0
10	40	0
10	41	0
10	42	0
10	43	0
10	44	0
10	45	0
10	46	0
10	47	0
10	48	0
10	49	0
10	50	0
11	-15	0
11	-14	0
11	-13	0
11	-12	0
11	-11	0
11	-10	0
11	-9	0
11	-8	0
11	-7	0
11	-6	0
11	-5	0
11	-4	0
11	-3	0
11	-2	0
11	-1	0
11	0	0
11	1	0
11	2	0
11	3	0
11	4	0
11	5	0
11	6	0
11	7	0
11	8	0
11	9	0
11	10	0
11	11	0
11	12	0
11	13	0
11	14	0
11	15	0
11	16	0
11	17	0
11	18	0
11	19	0
11	20	0
11	21	0
11	22	0
11	23	0
11	24	0
11	25	0
11	26	0
11	27	0
11	28	0
11	29	0
11	30	0
11	31	0
11	32	0
11	33	0
11	34	0
11	35	0
11	36	0
11	37	0
11	38	0
11	39	0
11	40	0
11	41	0
11	42	0
11	43	0
11	44	0
11	45	0
11	46	0
11	47	0
11	48	0
11	49	0
11	50	0
12	-15	0
12	-14	0
12	-13	0
12	-12	0
12	-11	0
12	-10	0
12	-9	0
12	-8	0
12	-7	0
12	-6	0
12	-5	0
12	-4	0
12	-3	0
12	-2	0
12	-1	0
12	0	0
12	1	0
12	2	0
12	3	0
12	4	0
12	5	0
12	6	0
12	7	0
12	8	0
12	9	0
12	10	0
12	11	0
12	12	0
12	13	0
12	14	0
12	15	0
12	16	0
12	17	0
12	18	0
12	19	0
12	20	0
12	21	0
12	22	0
12	23	0
12	24	0
12	25	0
12	26	0
12	27	0
12	28	0
12	29	0
12	30	0
12	31	0
12	32	0
12	33	0
12	34	0
12	35	0
12	36	0
12	37	0
12	38	0
12	39	0
12	40	0
12	41	0
12	42	0
12	43	0
12	44	0
12	45	0
12	46	0
12	47	0
12	48	0
12	49	0
12	50	0
13	-15	0
13	-14	0
13	-13	0
13	-12	0
13	-11	0
13	-10	0
13	-9	0
13	-8	0
13	-7	0
13	-6	0
13	-5	0
13	-4	0
13	-3	0
13	-2	0
13	-1	0
13	0	0
13	1	0
13	2	0
13	3	0
13	4	0
13	5	0
13	6	0
13	7	0
13	8	0
13	9	0
13	10	0
13	11	0
13	12	0
13	13	0
13	14	0
13	15	0
13	16	0
13	17	0
13	18	0
13	19	0
13	20	0
13	21	0
13	22	0
13	23	0
13	24	0
13	25	0
13	26	0
13	27	0
13	28	0
13	29	0
13	30	0
13	31	0
13	32	0
13	33	0
13	34	0
13	35	0
13	36	0
13	37	0
13	38	0
13	39	0
13	40	0
13	41	0
13	42	0
13	43	0
13	44	0
13	45	0
13	46	0
13	47	0
13	48	0
13	49	0
13	50	0
14	-15	0
14	-14	0
14	-13	0
14	-12	0
14	-11	0
14	-10	0
14	-9	0
14	-8	0
14	-7	0
14	-6	0
14	-5	0
14	-4	0
14	-3	0
14	-2	0
14	-1	0
14	0	0
14	1	0
14	2	0
14	3	0
14	4	0
14	5	0
14	6	0
14	7	0
14	8	0
14	9	0
14	10	0
14	11	0
14	12	0
14	13	0
14	14	0
14	15	0
14	16	0
14	17	0
14	18	0
14	19	0
14	20	0
14	21	0
14	22	0
14	23	0
14	24	0
14	25	0
14	26	0
14	27	0
14	28	0
14	29	0
14	30	0
14	31	0
14	32	0
14	33	0
14	34	0
14	35	0
14	36	0
14	37	0
14	38	0
14	39	0
14	40	0
14	41	0
14	42	0
14	43	0
14	44	0
14	45	0
14	46	0
14	47	0
14	48	0
14	49	0
14	50	0
15	-15	0
15	-14	0
15	-13	0
15	-12	0
15	-11	0
15	-10	0
15	-9	0
15	-8	0
15	-7	0
15	-6	0
15	-5	0
15	-4	0
15	-3	0
15	-2	0
15	-1	0
15	0	0
15	1	0
15	2	0
15	3	0
15	4	0
15	5	0
15	6	0
15	7	0
15	8	0
15	9	0
15	10	0
15	11	0
15	12	0
15	13	0
15	14	0
15	15	0
15	16	0
15	17	0
15	18	0
15	19	0
15	20	0
15	21	0
15	22	0
15	23	0
15	24	0
15	25	0
15	26	0
15	27	0
15	28	0
15	29	0
15	30	0
15	31	0
15	32	0
15	33	0
15	34	0
15	35	0
15	36	0
15	37	0
15	38	0
15	39	0
15	40	0
15	41	0
15	42	0
15	43	0
15	44	0
15	45	0
15	46	0
15	47	0
15	48	0
15	49	0
15	50	0
16	-15	0
16	-14	0
16	-13	0
16	-12	0
16	-11	0
16	-10	0
16	-9	0
16	-8	0
16	-7	0
16	-6	0
16	-5	0
16	-4	0
16	-3	0
16	-2	0
16	-1	0
16	0	0
16	1	0
16	2	0
16	3	0
16	4	0
16	5	0
16	6	0
16	7	0
16	8	0
16	9	0
16	10	0
16	11	0
16	12	0
16	13	0
16	14	0
16	15	0
16	16	0
16	17	0
16	18	0
16	19	0
16	20	0
16	21	0
16	22	0
16	23	0
16	24	0
16	25	0
16	26	0
16	27	0
16	28	0
16	29	0
16	30	0
16	31	0
16	32	0
16	33	0
16	34	0
16	35	0
16	36	0
16	37	0
16	38	0
16	39	0
16	40	0
16	41	0
16	42	0
16	43	0
16	44	0
16	45	0
16	46	0
16	47	0
16	48	0
16	49	0
16	50	0
17	-15	0
17	-14	0
17	-13	0
17	-12	0
17	-11	0
17	-10	0
17	-9	0
17	-8	0
17	-7	0
17	-6	0
17	-5	0
17	-4	0
17	-3	0
17	-2	0
17	-1	0
17	0	0
17	1	0
17	2	0
17	3	0
17	4	0
17	5	0
17	6	0
17	7	0
17	8	0
17	9	0
17	10	0
17	11	0
17	12	0
17	13	0
17	14	0
17	15	0
17	16	0
17	17	0
17	18	0
17	19	0
17	20	0
17	21	0
17	22	0
17	23	0
17	24	0
17	25	0
17	26	0
17	27	0
17	28	0
17	29	0
17	30	0
17	31	0
17	32	0
17	33	0
17	34	0
17	35	0
17	36	0
17	37	0
17	38	0
17	39	0
17	40	0
17	41	0
17	42	0
17	43	0
17	44	0
17	45	0
17	46	0
17	47	0
17	48	0
17	49	0
17	50	0
18	-15	0
18	-14	0
18	-13	0
18	-12	0
18	-11	0
18	-10	0
18	-9	0
18	-8	0
18	-7	0
18	-6	0
18	-5	0
18	-4	0
18	-3	0
18	-2	0
18	-1	0
18	0	0
18	1	0
18	2	0
18	3	0
18	4	0
18	5	0
18	6	0
18	7	0
18	8	0
18	9	0
18	10	0
18	11	0
18	12	0
18	13	0
18	14	0
18	15	0
18	16	0
18	17	0
18	18	0
18	19	0
18	20	0
18	21	0
18	22	0
18	23	0
18	24	0
18	25	0
18	26	0
18	27	0
18	28	0
18	29	0
18	30	0
18	31	0
18	32	0
18	33	0
18	34	0
18	35	0
18	36	0
18	37	0
18	38	0
18	39	0
18	40	0
18	41	0
18	42	0
18	43	0
18	44	0
18	45	0
18	46	0
18	47	0
18	48	0
18	49	0
18	50	0
19	-15	0
19	-14	0
19	-13	0
19	-12	0
19	-11	0
19	-10	0
19	-9	0
19	-8	0
19	-7	0
19	-6	0
19	-5	0
19	-4	0
19	-3	0
19	-2	0
19	-1	0
19	0	0
19	1	0
19	2	0
19	3	0
19	4	0
19	5	0
19	6	0
19	7	0
19	8	0
19	9	0
19	10	0
19	11	0
19	12	0
19	13	0
19	14	0
19	15	0
19	16	0
19	17	0
19	18	0
19	19	0
19	20	0
19	21	0
19	22	0
19	23	0
19	24	0
19	25	0
19	26	0
19	27	0
19	28	0
19	29	0
19	30	0
19	31	0
19	32	0
19	33	0
19	34	0
19	35	0
19	36	0
19	37	0
19	38	0
19	39	0
19	40	0
19	41	0
19	42	0
19	43	0
19	44	0
19	45	0
19	46	0
19	47	0
19	48	0
19	49	0
19	50	0
20	-15	0
20	-14	0
20	-13	0
20	-12	0
20	-11	0
20	-10	0
20	-9	0
20	-8	0
20	-7	0
20	-6	0
20	-5	0
20	-4	0
20	-3	0
20	-2	0
20	-1	0
20	0	0
20	1	0
20	2	0
20	3	0
20	4	0
20	5	0
20	6	0
20	7	0
20	8	0
20	9	0
20	10	0
20	11	0
20	12	0
20	13	0
20	14	0
20	15	0
20	16	0
20	17	0
20	18	0
20	19	0
20	20	0
20	21	0
20	22	0
20	23	0
20	24	0
20	25	0
20	26	0
20	27	0
20	28	0
20	29	0
20	30	0
20	31	0
20	32	0
20	33	0
20	34	0
20	35	0
20	36	0
20	37	0
20	38	0
20	39	0
20	40	0
20	41	0
20	42	0
20	43	0
20	44	0
20	45	0
20	46	0
20	47	0
20	48	0
20	49	0
20	50	0
21	-15	0
21	-14	0
21	-13	0
21	-12	0
21	-11	0
21	-10	0
21	-9	0
21	-8	0
21	-7	0
21	-6	0
21	-5	0
21	-4	0
21	-3	0
21	-2	0
21	-1	0
21	0	0
21	1	0
21	2	0
21	3	0
21	4	0
21	5	0
21	6	0
21	7	0
21	8	0
21	9	0
21	10	0
21	11	0
21	12	0
21	13	0
21	14	0
21	15	0
21	16	0
21	17	0
21	18	0
21	19	0
21	20	0
21	21	0
21	22	0
21	23	0
21	24	0
21	25	0
21	26	0
21	27	0
21	28	0
21	29	0
21	30	0
21	31	0
21	32	0
21	33	0
21	34	0
21	35	0
21	36	0
21	37	0
21	38	0
21	39	0
21	40	0
21	41	0
21	42	0
21	43	0
21	44	0
21	45	0
21	46	0
21	47	0
21	48	0
21	49	0
21	50	0
22	-15	0
22	-14	0
22	-13	0
22	-12	0
22	-11	0
22	-10	0
22	-9	0
22	-8	0
22	-7	0
22	-6	0
22	-5	0
22	-4	0
22	-3	0
22	-2	0
22	-1	0
22	0	0
22	1	0
22	2	0
22	3	0
22	4	0
22	5	0
22	6	0
22	7	0
22	8	0
22	9	0
22	10	0
22	11	0
22	12	0
22	13	0
22	14	0
22	15	0
22	16	0
22	17	0
22	18	0
22	19	0
22	20	0
22	21	0
22	22	0
22	23	0
22	24	0
22	25	0
22	26	0
22	27	0
22	28	0
22	29	0
22	30	0
22	31	0
22	32	0
22	33	0
22	34	0
22	35	0
22	36	0
22	37	0
22	38	0
22	39	0
22	40	0
22	41	0
22	42	0
22	43	0
22	44	0
22	45	0
22	46	0
22	47	0
22	48	0
22	49	0
22	50	0
23	-15	0
23	-14	0
23	-13	0
23	-12	0
23	-11	0
23	-10	0
23	-9	0
23	-8	0
23	-7	0
23	-6	0
23	-5	0
23	-4	0
23	-3	0
23	-2	0
23	-1	0
23	0	0
23	1	0
23	2	0
23	3	0
23	4	0
23	5	0
23	6	0
23	7	0
23	8	0
23	9	0
23	10	0
23	11	0
23	12	0
23	13	0
23	14	0
23	15	0
23	16	0
23	17	0
23	18	0
23	19	0
23	20	0
23	21	0
23	22	0
23	23	0
23	24	0
23	25	0
23	26	0
23	27	0
23	28	0
23	29	0
23	30	0
23	31	0
23	32	0
23	33	0
23	34	0
23	35	0
23	36	0
23	37	0
23	38	0
23	39	0
23	40	0
23	41	0
23	42	0
23	43	0
23	44	0
23	45	0
23	46	0
23	47	0
23	48	0
23	49	0
23	50	0
24	-15	0
24	-14	0
24	-13	0
24	-12	0
24	-11	0
24	-10	0
24	-9	0
24	-8	0
24	-7	0
24	-6	0
24	-5	0
24	-4	0
24	-3	0
24	-2	0
24	-1	0
24	0	0
24	1	0
24	2	0
24	3	0
24	4	0
24	5	0
24	6	0
24	7	0
24	8	0
24	9	0
24	10	0
24	11	0
24	12	0
24	13	0
24	14	0
24	15	0
24	16	0
24	17	0
24	18	0
24	19	0
24	20	0
24	21	0
24	22	0
24	23	0
24	24	0
24	25	0
24	26	0
24	27	0
24	28	0
24	29	0
24	30	0
24	31	0
24	32	0
24	33	0
24	34	0
24	35	0
24	36	0
24	37	0
24	38	0
24	39	0
24	40	0
24	41	0
24	42	0
24	43	0
24	44	0
24	45	0
24	46	0
24	47	0
24	48	0
24	49	0
24	50	0
25	-15	0
25	-14	0
25	-13	0
25	-12	0
25	-11	0
25	-10	0
25	-9	0
25	-8	0
25	-7	0
25	-6	0
25	-5	0
25	-4	0
25	-3	0
25	-2	0
25	-1	0
25	0	0
25	1	0
25	2	0
25	3	0
25	4	0
25	5	0
25	6	0
25	7	0
25	8	0
25	9	0
25	10	0
25	11	0
25	12	0
25	13	0
25	14	0
25	15	0
25	16	0
25	17	0
25	18	0
25	19	0
25	20	0
25	21	0
25	22	0
25	23	0
25	24	0
25	25	0
25	26	0
25	27	0
25	28	0
25	29	0
25	30	0
25	31	0
25	32	0
25	33	0
25	34	0
25	35	0
25	36	0
25	37	0
25	38	0
25	39	0
25	40	0
25	41	0
25	42	0
25	43	0
25	44	0
25	45	0
25	46	0
25	47	0
25	48	0
25	49	0
25	50	0
26	-15	0
26	-14	0
26	-13	0
26	-12	0
26	-11	0
26	-10	0
26	-9	0
26	-8	0
26	-7	0
26	-6	0
26	-5	0
26	-4	0
26	-3	0
26	-2	0
26	-1	0
26	0	0
26	1	0
26	2	0
26	3	0
26	4	0
26	5	0
26	6	0
26	7	0
26	8	0
26	9	0
26	10	0
26	11	0
26	12	0
26	13	0
26	14	0
26	15	0
26	16	0
26	17	0
26	18	0
26	19	0
26	20	0
26	21	0
26	22	0
26	23	0
26	24	0
26	25	0
26	26	0
26	27	0
26	28	0
26	29	0
26	30	0
26	31	0
26	32	0
26	33	0
26	34	0
26	35	0
26	36	0
26	37	0
26	38	0
26	39	0
26	40	0
26	41	0
26	42	0
26	43	0
26	44	0
26	45	0
26	46	0
26	47	0
26	48	0
26	49	0
26	50	0
27	-15	0
27	-14	0
27	-13	0
27	-12	0
27	-11	0
27	-10	0
27	-9	0
27	-8	0
27	-7	0
27	-6	0
27	-5	0
27	-4	0
27	-3	0
27	-2	0
27	-1	0
27	0	0
27	1	0
27	2	0
27	3	0
27	4	0
27	5	0
27	6	0
27	7	0
27	8	0
27	9	0
27	10	0
27	11	0
27	12	0
27	13	0
27	14	0
27	15	0
27	16	0
27	17	0
27	18	0
27	19	0
27	20	0
27	21	0
27	22	0
27	23	0
27	24	0
27	25	0
27	26	0
27	27	0
27	28	0
27	29	0
27	30	0
27	31	0
27	32	0
27	33	0
27	34	0
27	35	0
27	36	0
27	37	0
27	38	0
27	39	0
27	40	0
27	41	0
27	42	0
27	43	0
27	44	0
27	45	0
27	46	0
27	47	0
27	48	0
27	49	0
27	50	0
28	-15	0
28	-14	0
28	-13	0
28	-12	0
28	-11	0
28	-10	0
28	-9	0
28	-8	0
28	-7	0
28	-6	0
28	-5	0
28	-4	0
28	-3	0
28	-2	0
28	-1	0
28	0	0
28	1	0
28	2	0
28	3	0
28	4	0
28	5	0
28	6	0
28	7	0
28	8	0
28	9	0
28	10	0
28	11	0
28	12	0
28	13	0
28	14	0
28	15	0
28	16	0
28	17	0
28	18	0
28	19	0
28	20	0
28	21	0
28	22	0
28	23	0
28	24	0
28	25	0
28	26	0
28	27	0
28	28	0
28	29	0
28	30	0
28	31	0
28	32	0
28	33	0
28	34	0
28	35	0
28	36	0
28	37	0
28	38	0
28	39	0
28	40	0
28	41	0
28	42	0
28	43	0
28	44	0
28	45	0
28	46	0
28	47	0
28	48	0
28	49	0
28	50	0
29	-15	0
29	-14	0
29	-13	0
29	-12	0
29	-11	0
29	-10	0
29	-9	0
29	-8	0
29	-7	0
29	-6	0
29	-5	0
29	-4	0
29	-3	0
29	-2	0
29	-1	0
29	0	0
29	1	0
29	2	0
29	3	0
29	4	0
29	5	0
29	6	0
29	7	0
29	8	0
29	9	0
29	10	0
29	11	0
29	12	0
29	13	0
29	14	0
29	15	0
29	16	0
29	17	0
29	18	0
29	19	0
29	20	0
29	21	0
29	22	0
29	23	0
29	24	0
29	25	0
29	26	0
29	27	0
29	28	0
29	29	0
29	30	0
29	31	0
29	32	0
29	33	0
29	34	0
29	35	0
29	36	0
29	37	0
29	38	0
29	39	0
29	40	0
29	41	0
29	42	0
29	43	0
29	44	0
29	45	0
29	46	0
29	47	0
29	48	0
29	49	0
29	50	0
30	-15	0
30	-14	0
30	-13	0
30	-12	0
30	-11	0
30	-10	0
30	-9	0
30	-8	0
30	-7	0
30	-6	0
30	-5	0
30	-4	0
30	-3	0
30	-2	0
30	-1	0
30	0	0
30	1	0
30	2	0
30	3	0
30	4	0
30	5	0
30	6	0
30	7	0
30	8	0
30	9	0
30	10	0
30	11	0
30	12	0
30	13	0
30	14	0
30	15	0
30	16	0
30	17	0
30	18	0
30	19	0
30	20	0
30	21	0
30	22	0
30	23	0
30	24	0
30	25	0
30	26	0
30	27	0
30	28	0
30	29	0
30	30	0
30	31	0
30	32	0
30	33	0
30	34	0
30	35	0
30	36	0
30	37	0
30	38	0
30	39	0
30	40	0
30	41	0
30	42	0
30	43	0
30	44	0
30	45	0
30	46	0
30	47	0
30	48	0
30	49	0
30	50	0
31	-15	0
31	-14	0
31	-13	0
31	-12	0
31	-11	0
31	-10	0
31	-9	0
31	-8	0
31	-7	0
31	-6	0
31	-5	0
31	-4	0
31	-3	0
31	-2	0
31	-1	0
31	0	0
31	1	0
31	2	0
31	3	0
31	4	0
31	5	0
31	6	0
31	7	0
31	8	0
31	9	0
31	10	0
31	11	0
31	12	0
31	13	0
31	14	0
31	15	0
31	16	0
31	17	0
31	18	0
31	19	0
31	20	0
31	21	0
31	22	0
31	23	0
31	24	0
31	25	0
31	26	0
31	27	0
31	28	0
31	29	0
31	30	0
31	31	0
31	32	0
31	33	0
31	34	0
31	35	0
31	36	0
31	37	0
31	38	0
31	39	0
31	40	0
31	41	0
31	42	0
31	43	0
31	44	0
31	45	0
31	46	0
31	47	0
31	48	0
31	49	0
31	50	0
32	-15	0
32	-14	0
32	-13	0
32	-12	0
32	-11	0
32	-10	0
32	-9	0
32	-8	0
32	-7	0
32	-6	0
32	-5	0
32	-4	0
32	-3	0
32	-2	0
32	-1	0
32	0	0
32	1	0
32	2	0
32	3	0
32	4	0
32	5	0
32	6	0
32	7	0
32	8	0
32	9	0
32	10	0
32	11	0
32	12	0
32	13	0
32	14	0
32	15	0
32	16	0
32	17	0
32	18	0
32	19	0
32	20	0
32	21	0
32	22	0
32	23	0
32	24	0
32	25	0
32	26	0
32	27	0
32	28	0
32	29	0
32	30	0
32	31	0
32	32	0
32	33	0
32	34	0
32	35	0
32	36	0
32	37	0
32	38	0
32	39	0
32	40	0
32	41	0
32	42	0
32	43	0
32	44	0
32	45	0
32	46	0
32	47	0
32	48	0
32	49	0
32	50	0
33	-15	0
33	-14	0
33	-13	0
33	-12	0
33	-11	0
33	-10	0
33	-9	0
33	-8	0
33	-7	0
33	-6	0
33	-5	0
33	-4	0
33	-3	0
33	-2	0
33	-1	0
33	0	0
33	1	0
33	2	0
33	3	0
33	4	0
33	5	0
33	6	0
33	7	0
33	8	0
33	9	0
33	10	0
33	11	0
33	12	0
33	13	0
33	14	0
33	15	0
33	16	0
33	17	0
33	18	0
33	19	0
33	20	0
33	21	0
33	22	0
33	23	0
33	24	0
33	25	0
33	26	0
33	27	0
33	28	0
33	29	0
33	30	0
33	31	0
33	32	0
33	33	0
33	34	0
33	35	0
33	36	0
33	37	0
33	38	0
33	39	0
33	40	0
33	41	0
33	42	0
33	43	0
33	44	0
33	45	0
33	46	0
33	47	0
33	48	0
33	49	0
33	50	0
34	-15	0
34	-14	0
34	-13	0
34	-12	0
34	-11	0
34	-10	0
34	-9	0
34	-8	0
34	-7	0
34	-6	0
34	-5	0
34	-4	0
34	-3	0
34	-2	0
34	-1	0
34	0	0
34	1	0
34	2	0
34	3	0
34	4	0
34	5	0
34	6	0
34	7	0
34	8	0
34	9	0
34	10	0
34	11	0
34	12	0
34	13	0
34	14	0
34	15	0
34	16	0
34	17	0
34	18	0
34	19	0
34	20	0
34	21	0
34	22	0
34	23	0
34	24	0
34	25	0
34	26	0
34	27	0
34	28	0
34	29	0
34	30	0
34	31	0
34	32	0
34	33	0
34	34	0
34	35	0
34	36	0
34	37	0
34	38	0
34	39	0
34	40	0
34	41	0
34	42	0
34	43	0
34	44	0
34	45	0
34	46	0
34	47	0
34	48	0
34	49	0
34	50	0
35	-15	0
35	-14	0
35	-13	0
35	-12	0
35	-11	0
35	-10	0
35	-9	0
35	-8	0
35	-7	0
35	-6	0
35	-5	0
35	-4	0
35	-3	0
35	-2	0
35	-1	0
35	0	0
35	1	0
35	2	0
35	3	0
35	4	0
35	5	0
35	6	0
35	7	0
35	8	0
35	9	0
35	10	0
35	11	0
35	12	0
35	13	0
35	14	0
35	15	0
35	16	0
35	17	0
35	18	0
35	19	0
35	20	0
35	21	0
35	22	0
35	23	0
35	24	0
35	25	0
35	26	0
35	27	0
35	28	0
35	29	0
35	30	0
35	31	0
35	32	0
35	33	0
35	34	0
35	35	0
35	36	0
35	37	0
35	38	0
35	39	0
35	40	0
35	41	0
35	42	0
35	43	0
35	44	0
35	45	0
35	46	0
35	47	0
35	48	0
35	49	0
35	50	0
36	-15	0
36	-14	0
36	-13	0
36	-12	0
36	-11	0
36	-10	0
36	-9	0
36	-8	0
36	-7	0
36	-6	0
36	-5	0
36	-4	0
36	-3	0
36	-2	0
36	-1	0
36	0	0
36	1	0
36	2	0
36	3	0
36	4	0
36	5	0
36	6	0
36	7	0
36	8	0
36	9	0
36	10	0
36	11	0
36	12	0
36	13	0
36	14	0
36	15	0
36	16	0
36	17	0
36	18	0
36	19	0
36	20	0
36	21	0
36	22	0
36	23	0
36	24	0
36	25	0
36	26	0
36	27	0
36	28	0
36	29	0
36	30	0
36	31	0
36	32	0
36	33	0
36	34	0
36	35	0
36	36	0
36	37	0
36	38	0
36	39	0
36	40	0
36	41	0
36	42	0
36	43	0
36	44	0
36	45	0
36	46	0
36	47	0
36	48	0
36	49	0
36	50	0
37	-15	0
37	-14	0
37	-13	0
37	-12	0
37	-11	0
37	-10	0
37	-9	0
37	-8	0
37	-7	0
37	-6	0
37	-5	0
37	-4	0
37	-3	0
37	-2	0
37	-1	0
37	0	0
37	1	0
37	2	0
37	3	0
37	4	0
37	5	0
37	6	0
37	7	0
37	8	0
37	9	0
37	10	0
37	11	0
37	12	0
37	13	0
37	14	0
37	15	0
37	16	0
37	17	0
37	18	0
37	19	0
37	20	0
37	21	0
37	22	0
37	23	0
37	24	0
37	25	0
37	26	0
37	27	0
37	28	0
37	29	0
37	30	0
37	31	0
37	32	0
37	33	0
37	34	0
37	35	0
37	36	0
37	37	0
37	38	0
37	39	0
37	40	0
37	41	0
37	42	0
37	43	0
37	44	0
37	45	0
37	46	0
37	47	0
37	48	0
37	49	0
37	50	0
38	-15	0
38	-14	0
38	-13	0
38	-12	0
38	-11	0
38	-10	0
38	-9	0
38	-8	0
38	-7	0
38	-6	0
38	-5	0
38	-4	0
38	-3	0
38	-2	0
38	-1	0
38	0	0
38	1	0
38	2	0
38	3	0
38	4	0
38	5	0
38	6	0
38	7	0
38	8	0
38	9	0
38	10	0
38	11	0
38	12	0
38	13	0
38	14	0
38	15	0
38	16	0
38	17	0
38	18	0
38	19	0
38	20	0
38	21	0
38	22	0
38	23	0
38	24	0
38	25	0
38	26	0
38	27	0
38	28	0
38	29	0
38	30	0
38	31	0
38	32	0
38	33	0
38	34	0
38	35	0
38	36	0
38	37	0
38	38	0
38	39	0
38	40	0
38	41	0
38	42	0
38	43	0
38	44	0
38	45	0
38	46	0
38	47	0
38	48	0
38	49	0
38	50	0
39	-15	0
39	-14	0
39	-13	0
39	-12	0
39	-11	0
39	-10	0
39	-9	0
39	-8	0
39	-7	0
39	-6	0
39	-5	0
39	-4	0
39	-3	0
39	-2	0
39	-1	0
39	0	0
39	1	0
39	2	0
39	3	0
39	4	0
39	5	0
39	6	0
39	7	0
39	8	0
39	9	0
39	10	0
39	11	0
39	12	0
39	13	0
39	14	0
39	15	0
39	16	0
39	17	0
39	18	0
39	19	0
39	20	0
39	21	0
39	22	0
39	23	0
39	24	0
39	25	0
39	26	0
39	27	0
39	28	0
39	29	0
39	30	0
39	31	0
39	32	0
39	33	0
39	34	0
39	35	0
39	36	0
39	37	0
39	38	0
39	39	0
39	40	0
39	41	0
39	42	0
39	43	0
39	44	0
39	45	0
39	46	0
39	47	0
39	48	0
39	49	0
39	50	0
40	-15	0
40	-14	0
40	-13	0
40	-12	0
40	-11	0
40	-10	0
40	-9	0
40	-8	0
40	-7	0
40	-6	0
40	-5	0
40	-4	0
40	-3	0
40	-2	0
40	-1	0
40	0	0
40	1	0
40	2	0
40	3	0
40	4	0
40	5	0
40	6	0
40	7	0
40	8	0
40	9	0
40	10	0
40	11	0
40	12	0
40	13	0
40	14	0
40	15	0
40	16	0
40	17	0
40	18	0
40	19	0
40	20	0
40	21	0
40	22	0
40	23	0
40	24	0
40	25	0
40	26	0
40	27	0
40	28	0
40	29	0
40	30	0
40	31	0
40	32	0
40	33	0
40	34	0
40	35	0
40	36	0
40	37	0
40	38	0
40	39	0
40	40	0
40	41	0
40	42	0
40	43	0
40	44	0
40	45	0
40	46	0
40	47	0
40	48	0
40	49	0
40	50	0
41	-15	0
41	-14	0
41	-13	0
41	-12	0
41	-11	0
41	-10	0
41	-9	0
41	-8	0
41	-7	0
41	-6	0
41	-5	0
41	-4	0
41	-3	0
41	-2	0
41	-1	0
41	0	0
41	1	0
41	2	0
41	3	0
41	4	0
41	5	0
41	6	0
41	7	0
41	8	0
41	9	0
41	10	0
41	11	0
41	12	0
41	13	0
41	14	0
41	15	0
41	16	0
41	17	0
41	18	0
41	19	0
41	20	0
41	21	0
41	22	0
41	23	0
41	24	0
41	25	0
41	26	0
41	27	0
41	28	0
41	29	0
41	30	0
41	31	0
41	32	0
41	33	0
41	34	0
41	35	0
41	36	0
41	37	0
41	38	0
41	39	0
41	40	0
41	41	0
41	42	0
41	43	0
41	44	0
41	45	0
41	46	0
41	47	0
41	48	0
41	49	0
41	50	0
42	-15	0
42	-14	0
42	-13	0
42	-12	0
42	-11	0
42	-10	0
42	-9	0
42	-8	0
42	-7	0
42	-6	0
42	-5	0
42	-4	0
42	-3	0
42	-2	0
42	-1	0
42	0	0
42	1	0
42	2	0
42	3	0
42	4	0
42	5	0
42	6	0
42	7	0
42	8	0
42	9	0
42	10	0
42	11	0
42	12	0
42	13	0
42	14	0
42	15	0
42	16	0
42	17	0
42	18	0
42	19	0
42	20	0
42	21	0
42	22	0
42	23	0
42	24	0
42	25	0
42	26	0
42	27	0
42	28	0
42	29	0
42	30	0
42	31	0
42	32	0
42	33	0
42	34	0
42	35	0
42	36	0
42	37	0
42	38	0
42	39	0
42	40	0
42	41	0
42	42	0
42	43	0
42	44	0
42	45	0
42	46	0
42	47	0
42	48	0
42	49	0
42	50	0
43	-15	0
43	-14	0
43	-13	0
43	-12	0
43	-11	0
43	-10	0
43	-9	0
43	-8	0
43	-7	0
43	-6	0
43	-5	0
43	-4	0
43	-3	0
43	-2	0
43	-1	0
43	0	0
43	1	0
43	2	0
43	3	0
43	4	0
43	5	0
43	6	0
43	7	0
43	8	0
43	9	0
43	10	0
43	11	0
43	12	0
43	13	0
43	14	0
43	15	0
43	16	0
43	17	0
43	18	0
43	19	0
43	20	0
43	21	0
43	22	0
43	23	0
43	24	0
43	25	0
43	26	0
43	27	0
43	28	0
43	29	0
43	30	0
43	31	0
43	32	0
43	33	0
43	34	0
43	35	0
43	36	0
43	37	0
43	38	0
43	39	0
43	40	0
43	41	0
43	42	0
43	43	0
43	44	0
43	45	0
43	46	0
43	47	0
43	48	0
43	49	0
43	50	0
44	-15	0
44	-14	0
44	-13	0
44	-12	0
44	-11	0
44	-10	0
44	-9	0
44	-8	0
44	-7	0
44	-6	0
44	-5	0
44	-4	0
44	-3	0
44	-2	0
44	-1	0
44	0	0
44	1	0
44	2	0
44	3	0
44	4	0
44	5	0
44	6	0
44	7	0
44	8	0
44	9	0
44	10	0
44	11	0
44	12	0
44	13	0
44	14	0
44	15	0
44	16	0
44	17	0
44	18	0
44	19	0
44	20	0
44	21	0
44	22	0
44	23	0
44	24	0
44	25	0
44	26	0
44	27	0
44	28	0
44	29	0
44	30	0
44	31	0
44	32	0
44	33	0
44	34	0
44	35	0
44	36	0
44	37	0
44	38	0
44	39	0
44	40	0
44	41	0
44	42	0
44	43	0
44	44	0
44	45	0
44	46	0
44	47	0
44	48	0
44	49	0
44	50	0
45	-15	0
45	-14	0
45	-13	0
45	-12	0
45	-11	0
45	-10	0
45	-9	0
45	-8	0
45	-7	0
45	-6	0
45	-5	0
45	-4	0
45	-3	0
45	-2	0
45	-1	0
45	0	0
45	1	0
45	2	0
45	3	0
45	4	0
45	5	0
45	6	0
45	7	0
45	8	0
45	9	0
45	10	0
45	11	0
45	12	0
45	13	0
45	14	0
45	15	0
45	16	0
45	17	0
45	18	0
45	19	0
45	20	0
45	21	0
45	22	0
45	23	0
45	24	0
45	25	0
45	26	0
45	27	0
45	28	0
45	29	0
45	30	0
45	31	0
45	32	0
45	33	0
45	34	0
45	35	0
45	36	0
45	37	0
45	38	0
45	39	0
45	40	0
45	41	0
45	42	0
45	43	0
45	44	0
45	45	0
45	46	0
45	47	0
45	48	0
45	49	0
45	50	0
46	-15	0
46	-14	0
46	-13	0
46	-12	0
46	-11	0
46	-10	0
46	-9	0
46	-8	0
46	-7	0
46	-6	0
46	-5	0
46	-4	0
46	-3	0
46	-2	0
46	-1	0
46	0	0
46	1	0
46	2	0
46	3	0
46	4	0
46	5	0
46	6	0
46	7	0
46	8	0
46	9	0
46	10	0
46	11	0
46	12	0
46	13	0
46	14	0
46	15	0
46	16	0
46	17	0
46	18	0
46	19	0
46	20	0
46	21	0
46	22	0
46	23	0
46	24	0
46	25	0
46	26	0
46	27	0
46	28	0
46	29	0
46	30	0
46	31	0
46	32	0
46	33	0
46	34	0
46	35	0
46	36	0
46	37	0
46	38	0
46	39	0
46	40	0
46	41	0
46	42	0
46	43	0
46	44	0
46	45	0
46	46	0
46	47	0
46	48	0
46	49	0
46	50	0
47	-15	0
47	-14	0
47	-13	0
47	-12	0
47	-11	0
47	-10	0
47	-9	0
47	-8	0
47	-7	0
47	-6	0
47	-5	0
47	-4	0
47	-3	0
47	-2	0
47	-1	0
47	0	0
47	1	0
47	2	0
47	3	0
47	4	0
47	5	0
47	6	0
47	7	0
47	8	0
47	9	0
47	10	0
47	11	0
47	12	0
47	13	0
47	14	0
47	15	0
47	16	0
47	17	0
47	18	0
47	19	0
47	20	0
47	21	0
47	22	0
47	23	0
47	24	0
47	25	0
47	26	0
47	27	0
47	28	0
47	29	0
47	30	0
47	31	0
47	32	0
47	33	0
47	34	0
47	35	0
47	36	0
47	37	0
47	38	0
47	39	0
47	40	0
47	41	0
47	42	0
47	43	0
47	44	0
47	45	0
47	46	0
47	47	0
47	48	0
47	49	0
47	50	0
48	-15	0
48	-14	0
48	-13	0
48	-12	0
48	-11	0
48	-10	0
48	-9	0
48	-8	0
48	-7	0
48	-6	0
48	-5	0
48	-4	0
48	-3	0
48	-2	0
48	-1	0
48	0	0
48	1	0
48	2	0
48	3	0
48	4	0
48	5	0
48	6	0
48	7	0
48	8	0
48	9	0
48	10	0
48	11	0
48	12	0
48	13	0
48	14	0
48	15	0
48	16	0
48	17	0
48	18	0
48	19	0
48	20	0
48	21	0
48	22	0
48	23	0
48	24	0
48	25	0
48	26	0
48	27	0
48	28	0
48	29	0
48	30	0
48	31	0
48	32	0
48	33	0
48	34	0
48	35	0
48	36	0
48	37	0
48	38	0
48	39	0
48	40	0
48	41	0
48	42	0
48	43	0
48	44	0
48	45	0
48	46	0
48	47	0
48	48	0
48	49	0
48	50	0
49	-15	0
49	-14	0
49	-13	0
49	-12	0
49	-11	0
49	-10	0
49	-9	0
49	-8	0
49	-7	0
49	-6	0
49	-5	0
49	-4	0
49	-3	0
49	-2	0
49	-1	0
49	0	0
49	1	0
49	2	0
49	3	0
49	4	0
49	5	0
49	6	0
49	7	0
49	8	0
49	9	0
49	10	0
49	11	0
49	12	0
49	13	0
49	14	0
49	15	0
49	16	0
49	17	0
49	18	0
49	19	0
49	20	0
49	21	0
49	22	0
49	23	0
49	24	0
49	25	0
49	26	0
49	27	0
49	28	0
49	29	0
49	30	0
49	31	0
49	32	0
49	33	0
49	34	0
49	35	0
49	36	0
49	37	0
49	38	0
49	39	0
49	40	0
49	41	0
49	42	0
49	43	0
49	44	0
49	45	0
49	46	0
49	47	0
49	48	0
49	49	0
49	50	0
50	-15	0
50	-14	0
50	-13	0
50	-12	0
50	-11	0
50	-10	0
50	-9	0
50	-8	0
50	-7	0
50	-6	0
50	-5	0
50	-4	0
50	-3	0
50	-2	0
50	-1	0
50	0	0
50	1	0
50	2	0
50	3	0
50	4	0
50	5	0
50	6	0
50	7	0
50	8	0
50	9	0
50	10	0
50	11	0
50	12	0
50	13	0
50	14	0
50	15	0
50	16	0
50	17	0
50	18	0
50	19	0
50	20	0
50	21	0
50	22	0
50	23	0
50	24	0
50	25	0
50	26	0
50	27	0
50	28	0
50	29	0
50	30	0
50	31	0
50	32	0
50	33	0
50	34	0
50	35	0
50	36	0
50	37	0
50	38	0
50	39	0
50	40	0
50	41	0
50	42	0
50	43	0
50	44	0
50	45	0
50	46	0
50	47	0
50	48	0
50	49	0
50	50	0
51	-15	0
51	-14	0
51	-13	0
51	-12	0
51	-11	0
51	-10	0
51	-9	0
51	-8	0
51	-7	0
51	-6	0
51	-5	0
51	-4	0
51	-3	0
51	-2	0
51	-1	0
51	0	0
51	1	0
51	2	0
51	3	0
51	4	0
51	5	0
51	6	0
51	7	0
51	8	0
51	9	0
51	10	0
51	11	0
51	12	0
51	13	0
51	14	0
51	15	0
51	16	0
51	17	0
51	18	0
51	19	0
51	20	0
51	21	0
51	22	0
51	23	0
51	24	0
51	25	0
51	26	0
51	27	0
51	28	0
51	29	0
51	30	0
51	31	0
51	32	0
51	33	0
51	34	0
51	35	0
51	36	0
51	37	0
51	38	0
51	39	0
51	40	0
51	41	0
51	42	0
51	43	0
51	44	0
51	45	0
51	46	0
51	47	0
51	48	0
51	49	0
51	50	0
52	-15	0
52	-14	0
52	-13	0
52	-12	0
52	-11	0
52	-10	0
52	-9	0
52	-8	0
52	-7	0
52	-6	0
52	-5	0
52	-4	0
52	-3	0
52	-2	0
52	-1	0
52	0	0
52	1	0
52	2	0
52	3	0
52	4	0
52	5	0
52	6	0
52	7	0
52	8	0
52	9	0
52	10	0
52	11	0
52	12	0
52	13	0
52	14	0
52	15	0
52	16	0
52	17	0
52	18	0
52	19	0
52	20	0
52	21	0
52	22	0
52	23	0
52	24	0
52	25	0
52	26	0
52	27	0
52	28	0
52	29	0
52	30	0
52	31	0
52	32	0
52	33	0
52	34	0
52	35	0
52	36	0
52	37	0
52	38	0
52	39	0
52	40	0
52	41	0
52	42	0
52	43	0
52	44	0
52	45	0
52	46	0
52	47	0
52	48	0
52	49	0
52	50	0
53	-15	0
53	-14	0
53	-13	0
53	-12	0
53	-11	0
53	-10	0
53	-9	0
53	-8	0
53	-7	0
53	-6	0
53	-5	0
53	-4	0
53	-3	0
53	-2	0
53	-1	0
53	0	0
53	1	0
53	2	0
53	3	0
53	4	0
53	5	0
53	6	0
53	7	0
53	8	0
53	9	0
53	10	0
53	11	0
53	12	0
53	13	0
53	14	0
53	15	0
53	16	0
53	17	0
53	18	0
53	19	0
53	20	0
53	21	0
53	22	0
53	23	0
53	24	0
53	25	0
53	26	0
53	27	0
53	28	0
53	29	0
53	30	0
53	31	0
53	32	0
53	33	0
53	34	0
53	35	0
53	36	0
53	37	0
53	38	0
53	39	0
53	40	0
53	41	0
53	42	0
53	43	0
53	44	0
53	45	0
53	46	0
53	47	0
53	48	0
53	49	0
53	50	0
54	-15	0
54	-14	0
54	-13	0
54	-12	0
54	-11	0
54	-10	0
54	-9	0
54	-8	0
54	-7	0
54	-6	0
54	-5	0
54	-4	0
54	-3	0
54	-2	0
54	-1	0
54	0	0
54	1	0
54	2	0
54	3	0
54	4	0
54	5	0
54	6	0
54	7	0
54	8	0
54	9	0
54	10	0
54	11	0
54	12	0
54	13	0
54	14	0
54	15	0
54	16	0
54	17	0
54	18	0
54	19	0
54	20	0
54	21	0
54	22	0
54	23	0
54	24	0
54	25	0
54	26	0
54	27	0
54	28	0
54	29	0
54	30	0
54	31	0
54	32	0
54	33	0
54	34	0
54	35	0
54	36	0
54	37	0
54	38	0
54	39	0
54	40	0
54	41	0
54	42	0
54	43	0
54	44	0
54	45	0
54	46	0
54	47	0
54	48	0
54	49	0
54	50	0
55	-15	0
55	-14	0
55	-13	0
55	-12	0
55	-11	0
55	-10	0
55	-9	0
55	-8	0
55	-7	0
55	-6	0
55	-5	0
55	-4	0
55	-3	0
55	-2	0
55	-1	0
55	0	0
55	1	0
55	2	0
55	3	0
55	4	0
55	5	0
55	6	0
55	7	0
55	8	0
55	9	0
55	10	0
55	11	0
55	12	0
55	13	0
55	14	0
55	15	0
55	16	0
55	17	0
55	18	0
55	19	0
55	20	0
55	21	0
55	22	0
55	23	0
55	24	0
55	25	0
55	26	0
55	27	0
55	28	0
55	29	0
55	30	0
55	31	0
55	32	0
55	33	0
55	34	0
55	35	0
55	36	0
55	37	0
55	38	0
55	39	0
55	40	0
55	41	0
55	42	0
55	43	0
55	44	0
55	45	0
55	46	0
55	47	0
55	48	0
55	49	0
55	50	0
56	-15	0
56	-14	0
56	-13	0
56	-12	0
56	-11	0
56	-10	0
56	-9	0
56	-8	0
56	-7	0
56	-6	0
56	-5	0
56	-4	0
56	-3	0
56	-2	0
56	-1	0
56	0	0
56	1	0
56	2	0
56	3	0
56	4	0
56	5	0
56	6	0
56	7	0
56	8	0
56	9	0
56	10	0
56	11	0
56	12	0
56	13	0
56	14	0
56	15	0
56	16	0
56	17	0
56	18	0
56	19	0
56	20	0
56	21	0
56	22	0
56	23	0
56	24	0
56	25	0
56	26	0
56	27	0
56	28	0
56	29	0
56	30	0
56	31	0
56	32	0
56	33	0
56	34	0
56	35	0
56	36	0
56	37	0
56	38	0
56	39	0
56	40	0
56	41	0
56	42	0
56	43	0
56	44	0
56	45	0
56	46	0
56	47	0
56	48	0
56	49	0
56	50	0
57	-15	0
57	-14	0
57	-13	0
57	-12	0
57	-11	0
57	-10	0
57	-9	0
57	-8	0
57	-7	0
57	-6	0
57	-5	0
57	-4	0
57	-3	0
57	-2	0
57	-1	0
57	0	0
57	1	0
57	2	0
57	3	0
57	4	0
57	5	0
57	6	0
57	7	0
57	8	0
57	9	0
57	10	0
57	11	0
57	12	0
57	13	0
57	14	0
57	15	0
57	16	0
57	17	0
57	18	0
57	19	0
57	20	0
57	21	0
57	22	0
57	23	0
57	24	0
57	25	0
57	26	0
57	27	0
57	28	0
57	29	0
57	30	0
57	31	0
57	32	0
57	33	0
57	34	0
57	35	0
57	36	0
57	37	0
57	38	0
57	39	0
57	40	0
57	41	0
57	42	0
57	43	0
57	44	0
57	45	0
57	46	0
57	47	0
57	48	0
57	49	0
57	50	0
58	-15	0
58	-14	0
58	-13	0
58	-12	0
58	-11	0
58	-10	0
58	-9	0
58	-8	0
58	-7	0
58	-6	0
58	-5	0
58	-4	0
58	-3	0
58	-2	0
58	-1	0
58	0	0
58	1	0
58	2	0
58	3	0
58	4	0
58	5	0
58	6	0
58	7	0
58	8	0
58	9	0
58	10	0
58	11	0
58	12	0
58	13	0
58	14	0
58	15	0
58	16	0
58	17	0
58	18	0
58	19	0
58	20	0
58	21	0
58	22	0
58	23	0
58	24	0
58	25	0
58	26	0
58	27	0
58	28	0
58	29	0
58	30	0
58	31	0
58	32	0
58	33	0
58	34	0
58	35	0
58	36	0
58	37	0
58	38	0
58	39	0
58	40	0
58	41	0
58	42	0
58	43	0
58	44	0
58	45	0
58	46	0
58	47	0
58	48	0
58	49	0
58	50	0
59	-15	0
59	-14	0
59	-13	0
59	-12	0
59	-11	0
59	-10	0
59	-9	0
59	-8	0
59	-7	0
59	-6	0
59	-5	0
59	-4	0
59	-3	0
59	-2	0
59	-1	0
59	0	0
59	1	0
59	2	0
59	3	0
59	4	0
59	5	0
59	6	0
59	7	0
59	8	0
59	9	0
59	10	0
59	11	0
59	12	0
59	13	0
59	14	0
59	15	0
59	16	0
59	17	0
59	18	0
59	19	0
59	20	0
59	21	0
59	22	0
59	23	0
59	24	0
59	25	0
59	26	0
59	27	0
59	28	0
59	29	0
59	30	0
59	31	0
59	32	0
59	33	0
59	34	0
59	35	0
59	36	0
59	37	0
59	38	0
59	39	0
59	40	0
59	41	0
59	42	0
59	43	0
59	44	0
59	45	0
59	46	0
59	47	0
59	48	0
59	49	0
59	50	0
60	-15	0
60	-14	0
60	-13	0
60	-12	0
60	-11	0
60	-10	0
60	-9	0
60	-8	0
60	-7	0
60	-6	0
60	-5	0
60	-4	0
60	-3	0
60	-2	0
60	-1	0
60	0	0
60	1	0
60	2	0
60	3	0
60	4	0
60	5	0
60	6	0
60	7	0
60	8	0
60	9	0
60	10	0
60	11	0
60	12	0
60	13	0
60	14	0
60	15	0
60	16	0
60	17	0
60	18	0
60	19	0
60	20	0
60	21	0
60	22	0
60	23	0
60	24	0
60	25	0
60	26	0
60	27	0
60	28	0
60	29	0
60	30	0
60	31	0
60	32	0
60	33	0
60	34	0
60	35	0
60	36	0
60	37	0
60	38	0
60	39	0
60	40	0
60	41	0
60	42	0
60	43	0
60	44	0
60	45	0
60	46	0
60	47	0
60	48	0
60	49	0
60	50	0
61	-15	0
61	-14	0
61	-13	0
61	-12	0
61	-11	0
61	-10	0
61	-9	0
61	-8	0
61	-7	0
61	-6	0
61	-5	0
61	-4	0
61	-3	0
61	-2	0
61	-1	0
61	0	0
61	1	0
61	2	0
61	3	0
61	4	0
61	5	0
61	6	0
61	7	0
61	8	0
61	9	0
61	10	0
61	11	0
61	12	0
61	13	0
61	14	0
61	15	0
61	16	0
61	17	0
61	18	0
61	19	0
61	20	0
61	21	0
61	22	0
61	23	0
61	24	0
61	25	0
61	26	0
61	27	0
61	28	0
61	29	0
61	30	0
61	31	0
61	32	0
61	33	0
61	34	0
61	35	0
61	36	0
61	37	0
61	38	0
61	39	0
61	40	0
61	41	0
61	42	0
61	43	0
61	44	0
61	45	0
61	46	0
61	47	0
61	48	0
61	49	0
61	50	0
62	-15	0
62	-14	0
62	-13	0
62	-12	0
62	-11	0
62	-10	0
62	-9	0
62	-8	0
62	-7	0
62	-6	0
62	-5	0
62	-4	0
62	-3	0
62	-2	0
62	-1	0
62	0	0
62	1	0
62	2	0
62	3	0
62	4	0
62	5	0
62	6	0
62	7	0
62	8	0
62	9	0
62	10	0
62	11	0
62	12	0
62	13	0
62	14	0
62	15	0
62	16	0
62	17	0
62	18	0
62	19	0
62	20	0
62	21	0
62	22	0
62	23	0
62	24	0
62	25	0
62	26	0
62	27	0
62	28	0
62	29	0
62	30	0
62	31	0
62	32	0
62	33	0
62	34	0
62	35	0
62	36	0
62	37	0
62	38	0
62	39	0
62	40	0
62	41	0
62	42	0
62	43	0
62	44	0
62	45	0
62	46	0
62	47	0
62	48	0
62	49	0
62	50	0
63	-15	0
63	-14	0
63	-13	0
63	-12	0
63	-11	0
63	-10	0
63	-9	0
63	-8	0
63	-7	0
63	-6	0
63	-5	0
63	-4	0
63	-3	0
63	-2	0
63	-1	0
63	0	0
63	1	0
63	2	0
63	3	0
63	4	0
63	5	0
63	6	0
63	7	0
63	8	0
63	9	0
63	10	0
63	11	0
63	12	0
63	13	0
63	14	0
63	15	0
63	16	0
63	17	0
63	18	0
63	19	0
63	20	0
63	21	0
63	22	0
63	23	0
63	24	0
63	25	0
63	26	0
63	27	0
63	28	0
63	29	0
63	30	0
63	31	0
63	32	0
63	33	0
63	34	0
63	35	0
63	36	0
63	37	0
63	38	0
63	39	0
63	40	0
63	41	0
63	42	0
63	43	0
63	44	0
63	45	0
63	46	0
63	47	0
63	48	0
63	49	0
63	50	0
64	-15	0
64	-14	0
64	-13	0
64	-12	0
64	-11	0
64	-10	0
64	-9	0
64	-8	0
64	-7	0
64	-6	0
64	-5	0
64	-4	0
64	-3	0
64	-2	0
64	-1	0
64	0	0
64	1	0
64	2	0
64	3	0
64	4	0
64	5	0
64	6	0
64	7	0
64	8	0
64	9	0
64	10	0
64	11	0
64	12	0
64	13	0
64	14	0
64	15	0
64	16	0
64	17	0
64	18	0
64	19	0
64	20	0
64	21	0
64	22	0
64	23	0
64	24	0
64	25	0
64	26	0
64	27	0
64	28	0
64	29	0
64	30	0
64	31	0
64	32	0
64	33	0
64	34	0
64	35	0
64	36	0
64	37	0
64	38	0
64	39	0
64	40	0
64	41	0
64	42	0
64	43	0
64	44	0
64	45	0
64	46	0
64	47	0
64	48	0
64	49	0
64	50	0
65	-15	0.0351717784017216
65	-14	0.029191113772767
65	-13	0.0207663587346858
65	-12	0.00947039982957645
65	-11	0
65	-10	0
65	-9	0
65	-8	0
65	-7	0
65	-6	0
65	-5	0.0136001188893735
65	-4	0.0393559679996478
65	-3	0.0559855157213383
65	-2	0.0570235129327475
65	-1	0.0456807920999401
65	0	0.0270760466276452
65	1	0.00345765644158709
65	2	0
65	3	0
65	4	0
65	5	0.00845181723806325
65	6	0.0216078283329259
65	7	0.0247693958912239
65	8	0.0198657369229589
65	9	0.0135395973251215
65	10	0.0130777458883504
65	11	0.023535932347414
65	12	0.0423070305830163
65	13	0.0614458852798321
65	14	0.0736420459540365
65	15	0.0782702318211029
65	16	0.0814952586217685
65	17	0.0929902809978858
65	18	0.121781657416896
65	19	0.166544519450797
65	20	0.214600170161038
65	21	0.248719663971991
65	22	0.255835310651555
65	23	0.231644655860710
65	24	0.184276459142678
65	25	0.129882622108388
65	26	0.0819940265049787
65	27	0.0474296614861013
65	28	0.0283349916872472
65	29	0.0184810907239612
65	30	0.00346635598249727
65	31	0
65	32	0
65	33	0
65	34	0
65	35	0
65	36	0
65	37	0
65	38	0
65	39	0
65	40	0
65	41	0
65	42	0
65	43	0
65	44	0
65	45	0
65	46	0
65	47	0
65	48	0
65	49	0
65	50	0
66	-15	0.0210703821330003
66	-14	0.0172295285572113
66	-13	0.0121965562079138
66	-12	0.00523137431796103
66	-11	0
66	-10	0
66	-9	0
66	-8	0
66	-7	0
66	-6	0.00396472202310842
66	-5	0.0223208112144588
66	-4	0.037615247994418
66	-3	0.0427147633772227
66	-2	0.0307455343846502
66	-1	0.0086047829678138
66	0	0
66	1	0
66	2	0
66	3	0
66	4	0.00324580782455769
66	5	0.0190571158420303
66	6	0.0225465993833621
66	7	0.0145431868447525
66	8	0.00263622933567495
66	9	0
66	10	0.00779938018643465
66	11	0.0351885199832859
66	12	0.0706631155292763
66	13	0.101077107822001
66	14	0.116514753434360
66	15	0.117744831232637
66	16	0.118555200792067
66	17	0.138040133958094
66	18	0.185127399559728
66	19	0.253210743064326
66	20	0.322593677080651
66	21	0.368676884922108
66	22	0.373736457268211
66	23	0.333155139830360
66	24	0.261433123673688
66	25	0.184119941001314
66	26	0.12127332515083
66	27	0.0804884699997604
66	28	0.0605858704355179
66	29	0.0497852084853066
66	30	0.0304738495192136
66	31	0
66	32	0
66	33	0
66	34	0
66	35	0
66	36	0
66	37	0
66	38	0
66	39	0
66	40	0
66	41	0
66	42	0
66	43	0
66	44	0
66	45	0
66	46	0
66	47	0
66	48	0
66	49	0
66	50	0
67	-15	0.00520238179822539
67	-14	0.00397414580883224
67	-13	0.0027970829511303
67	-12	0.00047815751624819
67	-11	0
67	-10	0
67	-9	0
67	-8	0
67	-7	0.00151293281502420
67	-6	0.0115291045664913
67	-5	0.0211820107727473
67	-4	0.0242207557528521
67	-3	0.0160280946079099
67	-2	0
67	-1	0
67	0	0
67	1	0
67	2	0
67	3	0
67	4	0.0186661688369860
67	5	0.0288161592810440
67	6	0.0202099837132242
67	7	0
67	8	0
67	9	0
67	10	0
67	11	0.0454672564662949
67	12	0.100391203475671
67	13	0.14714968792254
67	14	0.172632996071289
67	15	0.177190224303357
67	16	0.182736287899312
67	17	0.213374572343567
67	18	0.277356576929642
67	19	0.364058800757972
67	20	0.449615344837155
67	21	0.502941405634991
67	22	0.502830512126791
67	23	0.444882322057934
67	24	0.349715857261752
67	25	0.249201337913123
67	26	0.168312938878537
67	27	0.118282358219733
67	28	0.0948463992902742
67	29	0.0809201101200512
67	30	0.0551416792681243
67	31	0.00534825885708232
67	32	0
67	33	0
67	34	0
67	35	0
67	36	0
67	37	0
67	38	0
67	39	0
67	40	0
67	41	0
67	42	0
67	43	0
67	44	0
67	45	0
67	46	0
67	47	0
67	48	0
67	49	0
67	50	0
68	-15	0
68	-14	0
68	-13	0
68	-12	0
68	-11	0
68	-10	0
68	-9	0.000909895669768498
68	-8	0.00450165534486522
68	-7	0.0092249310843254
68	-6	0.013472040713408
68	-5	0.0141084677364172
68	-4	0.00686411041470589
68	-3	0
68	-2	0
68	-1	0
68	0	0
68	1	0
68	2	0
68	3	0.0139205851698186
68	4	0.0339664869122558
68	5	0.0345407082948274
68	6	0.0149127406245746
68	7	0
68	8	0
68	9	0
68	10	0
68	11	0.0589565807192443
68	12	0.130961000684709
68	13	0.192590797799234
68	14	0.229753883742140
68	15	0.244714249931083
68	16	0.263908822986428
68	17	0.310331684002196
68	18	0.390972925024736
68	19	0.492602332779891
68	20	0.587665506473936
68	21	0.643045595693597
68	22	0.634453129510874
68	23	0.561173222415726
68	24	0.446217258473653
68	25	0.323660431066614
68	26	0.222705599387209
68	27	0.157340286512007
68	28	0.124269784973669
68	29	0.104461498603418
68	30	0.072679061671567
68	31	0.0117690272862307
68	32	0
68	33	0
68	34	0
68	35	0
68	36	0
68	37	0
68	38	0
68	39	0
68	40	0
68	41	0
68	42	0
68	43	0
68	44	0
68	45	0
68	46	0
68	47	0
68	48	0
68	49	0
68	50	0
69	-15	0
69	-14	0
69	-13	0
69	-12	0
69	-11	0
69	-10	0.00204732098869982
69	-9	0.0069534250080206
69	-8	0.0111886689724426
69	-7	0.0138900366101658
69	-6	0.0133329270863534
69	-5	0.00757624042813193
69	-4	0
69	-3	0
69	-2	0
69	-1	0
69	0	0
69	1	0
69	2	0.00741249621193945
69	3	0.0332992304429125
69	4	0.041682226046199
69	5	0.0324487555675282
69	6	0.00729738021091597
69	7	0
69	8	0
69	9	0
69	10	0.0071655355113621
69	11	0.079537965002531
69	12	0.1598196892247
69	13	0.228357574076738
69	14	0.277249589180631
69	15	0.310773073477598
69	16	0.352903588554416
69	17	0.423574016767764
69	18	0.524822969106657
69	19	0.639768598648655
69	20	0.740030767422876
69	21	0.793412848657087
69	22	0.776971585161449
69	23	0.690542117798144
69	24	0.556279253025453
69	25	0.409344113545597
69	26	0.284069189522378
69	27	0.196978037088865
69	28	0.145919315729819
69	29	0.113057393203617
69	30	0.07245641034023
69	31	0.00375346298317737
69	32	0
69	33	0
69	34	0
69	35	0
69	36	0
69	37	0
69	38	0
69	39	0
69	40	0
69	41	0
69	42	0
69	43	0
69	44	0
69	45	0
69	46	0
69	47	0
69	48	0
69	49	0
69	50	0
70	-15	0
70	-14	0
70	-13	0
70	-12	0
70	-11	0
70	-10	0.00478474375384933
70	-9	0.0110513308423202
70	-8	0.0153367603776251
70	-7	0.0164615423748140
70	-6	0.0131382437683132
70	-5	0.00517024594549278
70	-4	0
70	-3	0
70	-2	0
70	-1	0
70	0	0
70	1	0.00687873769178561
70	2	0.0315223143185796
70	3	0.0433619023589485
70	4	0.0380505832964117
70	5	0.0220784811113031
70	6	0
70	7	0
70	8	0
70	9	0
70	10	0.0385496464326883
70	11	0.109007184283265
70	12	0.186104291674961
70	13	0.256174709433392
70	14	0.317149243307199
70	15	0.375977349041575
70	16	0.451074766421995
70	17	0.554874829369526
70	18	0.682200340436254
70	19	0.812262068712972
70	20	0.918017179369252
70	21	0.969764006047235
70	22	0.946299759920794
70	23	0.846237455559866
70	24	0.690496091254537
70	25	0.51511633156023
70	26	0.357595298857911
70	27	0.239262865597974
70	28	0.162647122781431
70	29	0.110655021083010
70	30	0.056494109520469
70	31	0
70	32	0
70	33	0
70	34	0
70	35	0
70	36	0
70	37	0
70	38	0
70	39	0
70	40	0
70	41	0
70	42	0
70	43	0
70	44	0
70	45	0
70	46	0
70	47	0
70	48	0
70	49	0
70	50	0
71	-15	0
71	-14	0
71	-13	0
71	-12	0
71	-11	0
71	-10	0.00723718289034236
71	-9	0.0131316151659728
71	-8	0.0163660423292700
71	-7	0.0161508651654356
71	-6	0.0123429865232138
71	-5	0.00603430629725786
71	-4	0
71	-3	0
71	-2	0
71	-1	0
71	0	0.0141174794437232
71	1	0.0311993085670456
71	2	0.0407849912247021
71	3	0.0351661557879657
71	4	0.0188475601188261
71	5	0.00209769723253976
71	6	0
71	7	0
71	8	0.00547663094692542
71	9	0.039166092489623
71	10	0.0890532488337308
71	11	0.150354238838520
71	12	0.217814625788452
71	13	0.288305534129986
71	14	0.364728760401265
71	15	0.454460820850536
71	16	0.56996407401233
71	17	0.71314770879633
71	18	0.8697738768568
71	19	1.01907344280258
71	20	1.13342368232660
71	21	1.18516029485047
71	22	1.15328674143192
71	23	1.03613185055512
71	24	0.85424508480018
71	25	0.64496568392388
71	26	0.447824824895694
71	27	0.290363938834647
71	28	0.181336196755832
71	29	0.105869405687248
71	30	0.0356724050795172
71	31	0
71	32	0
71	33	0
71	34	0
71	35	0
71	36	0
71	37	0
71	38	0
71	39	0
71	40	0
71	41	0
71	42	0
71	43	0
71	44	0
71	45	0
71	46	0
71	47	0
71	48	0
71	49	0
71	50	0
72	-15	0
72	-14	0
72	-13	0
72	-12	0
72	-11	0.00275229725626855
72	-10	0.00961590228196238
72	-9	0.0132737622671921
72	-8	0.0141672632519978
72	-7	0.0123127952672397
72	-6	0.00915792884454799
72	-5	0.00627323362963512
72	-4	0.00558513600230776
72	-3	0.00776478418018917
72	-2	0.0135577971066110
72	-1	0.0228870467703597
72	0	0.0333350089634366
72	1	0.0383680608163687
72	2	0.0306754312625213
72	3	0.0105986064151379
72	4	0
72	5	0
72	6	0
72	7	0.0129242944150869
72	8	0.0514547242200795
72	9	0.0990530819961702
72	10	0.149339036517047
72	11	0.201660353407611
72	12	0.262646972425486
72	13	0.339110478076288
72	14	0.437468204949716
72	15	0.562517026515416
72	16	0.720109345070294
72	17	0.902238449905483
72	18	1.08928603783917
72	19	1.25924102248641
72	20	1.38534263714055
72	21	1.43826196757618
72	22	1.39595076695967
72	23	1.25638578833944
72	24	1.04123449403175
72	25	0.791448686198054
72	26	0.551375198312414
72	27	0.354307783604195
72	28	0.212444180777911
72	29	0.111893841640828
72	30	0.0250226404579239
72	31	0
72	32	0
72	33	0
72	34	0
72	35	0
72	36	0
72	37	0
72	38	0
72	39	0
72	40	0
72	41	0
72	42	0
72	43	0
72	44	0
72	45	0
72	46	0
72	47	0
72	48	0
72	49	0
72	50	0
73	-15	0
73	-14	0
73	-13	0
73	-12	0.0020078947096131
73	-11	0.00911628171079099
73	-10	0.0121019796613239
73	-9	0.0117672138739481
73	-8	0.00904489029852845
73	-7	0.00474145801933207
73	-6	0.00124898733760820
73	-5	0.00120613473157498
73	-4	0.00627396744301693
73	-3	0.0154443123418575
73	-2	0.0249823549707194
73	-1	0.0321921248655302
73	0	0.0348373073834907
73	1	0.0283936133133857
73	2	0.00884739665826098
73	3	0
73	4	0
73	5	0
73	6	0
73	7	0.0400710327326059
73	8	0.0959575415559516
73	9	0.153156749071022
73	10	0.204459544442373
73	11	0.254613072763639
73	12	0.320227305385856
73	13	0.414551414396288
73	14	0.543737877279181
73	15	0.707343523010077
73	16	0.902306366334269
73	17	1.11631214900589
73	18	1.32888042388473
73	19	1.51854416137251
73	20	1.65781745296262
73	21	1.71355131240152
73	22	1.66135613796300
73	23	1.49550547765069
73	24	1.24123392044656
73	25	0.946235709873275
73	26	0.663289257262178
73	27	0.431420754208075
73	28	0.262608748474756
73	29	0.140119482395366
73	30	0.0336754343240228
73	31	0
73	32	0
73	33	0
73	34	0
73	35	0
73	36	0
73	37	0
73	38	0
73	39	0
73	40	0
73	41	0
73	42	0
73	43	0
73	44	0
73	45	0
73	46	0
73	47	0
73	48	0
73	49	0
73	50	0
74	-15	0
74	-14	0
74	-13	0.00750071359200856
74	-12	0.0148339609819822
74	-11	0.0169497966179083
74	-10	0.0145967491434661
74	-9	0.00902909900685168
74	-8	0.00163692410769269
74	-7	0
74	-6	0
74	-5	0
74	-4	0
74	-3	0.00874407081658513
74	-2	0.0193351799995254
74	-1	0.0249511629917401
74	0	0.0237551324495804
74	1	0.0118362427680917
74	2	0
74	3	0
74	4	0
74	5	0
74	6	0.0065572546187829
74	7	0.0653304486205938
74	8	0.127850949055194
74	9	0.186921852237672
74	10	0.240738390261495
74	11	0.301320855842920
74	12	0.388281074531154
74	13	0.515838384768414
74	14	0.68575118348841
74	15	0.887665488158618
74	16	1.11062140704297
74	17	1.34291516409127
74	18	1.57010586292888
74	19	1.77438578439593
74	20	1.92826495270416
74	21	1.99404247429966
74	22	1.93717426139714
74	23	1.74637278396536
74	24	1.44940092385659
74	25	1.10450221039550
74	26	0.77942481315769
74	27	0.520810590619
74	28	0.33416400506957
74	29	0.192981414280214
74	30	0.0633380152238317
74	31	0
74	32	0
74	33	0
74	34	0
74	35	0
74	36	0
74	37	0
74	38	0
74	39	0
74	40	0
74	41	0
74	42	0
74	43	0
74	44	0
74	45	0
74	46	0
74	47	0
74	48	0
74	49	0
74	50	0
75	-15	0.00818141570098198
75	-14	0.0175990788297486
75	-13	0.0246994265750912
75	-12	0.0273921099744655
75	-11	0.0241294652402991
75	-10	0.0163625547727836
75	-9	0.00570621059264718
75	-8	0
75	-7	0
75	-6	0
75	-5	0
75	-4	0
75	-3	0
75	-2	0.000250856149506026
75	-1	0.00719557969936611
75	0	0.00752537504036385
75	1	0
75	2	0
75	3	0
75	4	0
75	5	0
75	6	0.0290079550432390
75	7	0.0848396633860463
75	8	0.140933703960934
75	9	0.195983702202239
75	10	0.258502673731909
75	11	0.344149973241106
75	12	0.470485605847688
75	13	0.645994465232564
75	14	0.85904340175849
75	15	1.09199779271083
75	16	1.32937363100135
75	17	1.56474633849225
75	18	1.79426831363432
75	19	2.01010327954084
75	20	2.18590687669657
75	21	2.27407881690128
75	22	2.22405936956261
75	23	2.01162962157771
75	24	1.66681448623742
75	25	1.26502792371331
75	26	0.895944837830123
75	27	0.616387330398078
75	28	0.419532195400893
75	29	0.262447547982991
75	30	0.107008205754986
75	31	0
75	32	0
75	33	0
75	34	0
75	35	0
75	36	0
75	37	0
75	38	0
75	39	0
75	40	0
75	41	0
75	42	0
75	43	0
75	44	0
75	45	0
75	46	0
75	47	0
75	48	0
75	49	0
75	50	0
76	-15	0.0289908200307694
76	-14	0.0362212382627037
76	-13	0.0388747028188146
76	-12	0.0361490777305023
76	-11	0.0281019467529287
76	-10	0.0159547923626855
76	-9	0.00214646136888558
76	-8	0
76	-7	0
76	-6	0
76	-5	0
76	-4	0
76	-3	0
76	-2	0
76	-1	0
76	0	0
76	1	0
76	2	0
76	3	0
76	4	0
76	5	0.0205487553564990
76	6	0.0553310776135096
76	7	0.095337648432081
76	8	0.137711257725685
76	9	0.191175994379170
76	10	0.272484434813235
76	11	0.398668854419062
76	12	0.579126339803295
76	13	0.80680991434254
76	14	1.05769949008563
76	15	1.30805241146334
76	16	1.54410036301634
76	17	1.76855517168961
76	18	1.99580003483977
76	19	2.23008062965484
76	20	2.44186573407507
76	21	2.56884090104199
76	22	2.53603466220873
76	23	2.30195003986418
76	24	1.90044664370967
76	25	1.43029260650618
76	26	1.01065685080061
76	27	0.709515358891977
76	28	0.505348930646884
76	29	0.33318936549954
76	30	0.151096840136750
76	31	0
76	32	0
76	33	0
76	34	0
76	35	0
76	36	0
76	37	0
76	38	0
76	39	0
76	40	0
76	41	0
76	42	0
76	43	0
76	44	0
76	45	0
76	46	0
76	47	0
76	48	0
76	49	0
76	50	0
77	-15	0.0454796715305419
77	-14	0.0496497267184124
77	-13	0.047901386207293
77	-12	0.0397344358617496
77	-11	0.0268709126341090
77	-10	0.0121198046472156
77	-9	0
77	-8	0
77	-7	0
77	-6	0
77	-5	0
77	-4	0
77	-3	0
77	-2	0
77	-1	0
77	0	0
77	1	0
77	2	0.00865191196217699
77	3	0.0203998085741031
77	4	0.0358463557704901
77	5	0.0562545384706218
77	6	0.0773048128580067
77	7	0.0979874217035977
77	8	0.127973213153746
77	9	0.188474038005709
77	10	0.302139113297806
77	11	0.482677490405372
77	12	0.724532105242989
77	13	1.00048345223110
77	14	1.27581927587593
77	15	1.52739702658447
77	16	1.74781982968891
77	17	1.95726017399145
77	18	2.19140219972040
77	19	2.46232300796143
77	20	2.72686797141656
77	21	2.90227906958631
77	22	2.88772140590201
77	23	2.62481425490377
77	24	2.15226352504003
77	25	1.5999051734785
77	26	1.11841951002425
77	27	0.791651539794281
77	28	0.579037830615008
77	29	0.388431182609944
77	30	0.180994370375259
77	31	0
77	32	0
77	33	0
77	34	0
77	35	0
77	36	0
77	37	0
77	38	0
77	39	0
77	40	0
77	41	0
77	42	0
77	43	0
77	44	0
77	45	0
77	46	0
77	47	0
77	48	0
77	49	0
77	50	0
78	-15	0.0557064030561612
78	-14	0.0564651405479238
78	-13	0.0494756870318138
78	-12	0.0361430123873905
78	-11	0.0195557224285727
78	-10	0.00381445803303704
78	-9	0
78	-8	0
78	-7	0
78	-6	0
78	-5	0
78	-4	0
78	-3	0
78	-2	0
78	-1	0
78	0	0
78	1	0.00365592105870327
78	2	0.0227485365290118
78	3	0.0441196816280758
78	4	0.063684914576653
78	5	0.0795026679130611
78	6	0.0892773709894631
78	7	0.097807799488898
78	8	0.126590417245843
78	9	0.205375767682014
78	10	0.361462330944982
78	11	0.601583399102419
78	12	0.90471816487427
78	13	1.2245942201586
78	14	1.5140456674715
78	15	1.75489427773992
78	16	1.95699607363732
78	17	2.15797687594680
78	18	2.41135273968716
78	19	2.73358591560484
78	20	3.06192410287704
78	21	3.28298739038014
78	22	3.27277580630531
78	23	2.96182049323589
78	24	2.40488800647341
78	25	1.76332972268688
78	26	1.21655697441671
78	27	0.861325145960584
78	28	0.634261581741079
78	29	0.420017805611447
78	30	0.189198083744159
78	31	0
78	32	0
78	33	0
78	34	0
78	35	0
78	36	0
78	37	0
78	38	0
78	39	0
78	40	0
78	41	0
78	42	0
78	43	0
78	44	0
78	45	0
78	46	0
78	47	0
78	48	0
78	49	0
78	50	0
79	-15	0.057132797635199
79	-14	0.0541371348882944
79	-13	0.0427529662697455
79	-12	0.0252530004794407
79	-11	0.00631285983383376
79	-10	0
79	-9	0
79	-8	0
79	-7	0
79	-6	0.00544342112171756
79	-5	0.0149086145957302
79	-4	0.0194498771271465
79	-3	0.0161530317363373
79	-2	0.00637367909695605
79	-1	0
79	0	0
79	1	0.00117246720653227
79	2	0.0234148425081147
79	3	0.0508233013652543
79	4	0.0732805955016865
79	5	0.0866092336880906
79	6	0.0928678176306708
79	7	0.103910099738315
79	8	0.146791913815631
79	9	0.255026308013054
79	10	0.457864728242294
79	11	0.758561405657947
79	12	1.11789524531161
79	13	1.47342110718599
79	14	1.77246925099016
79	15	2.00186569089537
79	16	2.19277657049841
79	17	2.40237957658111
79	18	2.68905472068620
79	19	3.06478970745766
79	20	3.4461769027899
79	21	3.69358521513964
79	22	3.6603073981381
79	23	3.27814559787651
79	24	2.63119932143356
79	25	1.90840829771572
79	26	1.30140340711953
79	27	0.910112259656892
79	28	0.657409285067932
79	29	0.422095352716356
79	30	0.175106403991008
79	31	0
79	32	0
79	33	0
79	34	0
79	35	0
79	36	0
79	37	0
79	38	0
79	39	0
79	40	0
79	41	0
79	42	0
79	43	0
79	44	0
79	45	0
79	46	0
79	47	0
79	48	0
79	49	0
79	50	0
80	-15	0.048577891795690
80	-14	0.0420165065837115
80	-13	0.0274289976403705
80	-12	0.00721721797851965
80	-11	0
80	-10	0
80	-9	0
80	-8	0
80	-7	0.00343079595578169
80	-6	0.0260779670851254
80	-5	0.0461077433420773
80	-4	0.0554422247193326
80	-3	0.0481477262482952
80	-2	0.0274694489409122
80	-1	0.00193330750386125
80	0	0
80	1	0
80	2	0.00998900019492657
80	3	0.0413017486599056
80	4	0.0685326227672083
80	5	0.0853393923710412
80	6	0.0988287920609914
80	7	0.127245407600097
80	8	0.198870958773457
80	9	0.348320148562408
80	10	0.60328597867654
80	11	0.956417396852369
80	12	1.35562227836929
80	13	1.73502921968695
80	14	2.04200675367761
80	15	2.26627206973588
80	16	2.4654119396162
80	17	2.70641717005629
80	18	3.0347782716769
80	19	3.44885554840089
80	20	3.85230596351014
80	21	4.08823272851342
80	22	4.00515329325024
80	23	3.53464024011015
80	24	2.79644111021634
80	25	2.00650407817450
80	26	1.36000850392098
80	27	0.940714631018699
80	28	0.661490165723275
80	29	0.410013886281233
80	30	0.146865527359604
80	31	0
80	32	0
80	33	0
80	34	0
80	35	0
80	36	0
80	37	0
80	38	0
80	39	0
80	40	0
80	41	0
80	42	0
80	43	0
80	44	0
80	45	0
80	46	0
80	47	0
80	48	0
80	49	0
80	50	0
81	-15	0.0322452811689258
81	-14	0.0212351366437036
81	-13	0.00373707565041204
81	-12	0
81	-11	0
81	-10	0
81	-9	0
81	-8	0
81	-7	0.00646493793573683
81	-6	0.0389809563583342
81	-5	0.0672391649342285
81	-4	0.0791482569771068
81	-3	0.0683572225956098
81	-2	0.0384967615622376
81	-1	0
81	0	0
81	1	0
81	2	0
81	3	0.0274264150677549
81	4	0.0609662589989679
81	5	0.0879831598478004
81	6	0.118652432438333
81	7	0.174413296462059
81	8	0.286104002745586
81	9	0.486006310933827
81	10	0.793324084999926
81	11	1.18440583663369
81	12	1.60351862912872
81	13	1.99231610438235
81	14	2.30144136732591
81	15	2.53726264796281
81	16	2.76898882956051
81	17	3.06086227014642
81	18	3.43834105323385
81	19	3.87634358334218
81	20	4.26594650173137
81	21	4.44315154275197
81	22	4.26561485713004
81	23	3.69759080841578
81	24	2.88591101601221
81	25	2.06094877341199
81	26	1.40333412873342
81	27	0.976650746951351
81	28	0.678223945898961
81	29	0.401149764363325
81	30	0.114247255886988
81	31	0
81	32	0
81	33	0
81	34	0
81	35	0
81	36	0
81	37	0
81	38	0
81	39	0
81	40	0
81	41	0
81	42	0
81	43	0
81	44	0
81	45	0
81	46	0
81	47	0
81	48	0
81	49	0
81	50	0
82	-15	0.0105507534457745
82	-14	0
82	-13	0
82	-12	0
82	-11	0
82	-10	0
82	-9	0
82	-8	0
82	-7	0.00208678224653547
82	-6	0.0385692872202387
82	-5	0.0680068780070421
82	-4	0.078205525867935
82	-3	0.0639826147749474
82	-2	0.0293781655113177
82	-1	0
82	0	0
82	1	0
82	2	0
82	3	0.0252550441804039
82	4	0.0653311479122446
82	5	0.103469803254501
82	6	0.154645147158250
82	7	0.243683130285646
82	8	0.402759834703557
82	9	0.659155886283492
82	10	1.01440242400191
82	11	1.43095439714401
82	12	1.85376049863682
82	13	2.23568949155079
82	14	2.54530127827391
82	15	2.80648334651121
82	16	3.08944689652217
82	17	3.44731367514696
82	18	3.88450652624639
82	19	4.34047161774747
82	20	4.68821217156765
82	21	4.76369081166796
82	22	4.45733927587211
82	23	3.78984349451579
82	24	2.93627270935863
82	25	2.11724393556076
82	26	1.48307298070840
82	27	1.05784638613593
82	28	0.728468719373923
82	29	0.407615009524561
82	30	0.0805309097917478
82	31	0
82	32	0
82	33	0
82	34	0
82	35	0
82	36	0
82	37	0
82	38	0
82	39	0
82	40	0
82	41	0
82	42	0
82	43	0
82	44	0
82	45	0
82	46	0
82	47	0
82	48	0
82	49	0
82	50	0
83	-15	0
83	-14	0
83	-13	0
83	-12	0
83	-11	0
83	-10	0
83	-9	0
83	-8	0
83	-7	0
83	-6	0.0253565740095442
83	-5	0.0489110495236759
83	-4	0.0534206642902261
83	-3	0.0375264523111576
83	-2	0.00432050410249252
83	-1	0
83	0	0
83	1	0
83	2	0.000690492766126649
83	3	0.0458105365206614
83	4	0.0880981210575677
83	5	0.133307212282285
83	6	0.203189318947756
83	7	0.327923487861641
83	8	0.538851846324911
83	9	0.852426134562223
83	10	1.25343379080747
83	11	1.69308230056086
83	12	2.11556379668710
83	13	2.48422971180488
83	14	2.78964268234902
83	15	3.07916262186627
83	16	3.42179873887007
83	17	3.85415054039459
83	18	4.35569420003161
83	19	4.82720657881477
83	20	5.12172615092951
83	21	5.08634288011773
83	22	4.65594625120936
83	23	3.90080844164174
83	24	3.01276667483618
83	25	2.20757134790161
83	26	1.60550031348034
83	27	1.17459842492118
83	28	0.798767206473544
83	29	0.413920985728373
83	30	0.0338186649633603
83	31	0
83	32	0
83	33	0
83	34	0
83	35	0
83	36	0
83	37	0
83	38	0
83	39	0
83	40	0
83	41	0
83	42	0
83	43	0
83	44	0
83	45	0
83	46	0
83	47	0
83	48	0
83	49	0
83	50	0
84	-15	0
84	-14	0
84	-13	0
84	-12	0
84	-11	0
84	-10	0
84	-9	0
84	-8	0
84	-7	0
84	-6	0.00513242590831681
84	-5	0.0178225952612339
84	-4	0.0162012063074238
84	-3	0.000252220813505122
84	-2	0
84	-1	0
84	0	0
84	1	0
84	2	0.0392970566718893
84	3	0.0874013953502564
84	4	0.125169670901885
84	5	0.170947601978135
84	6	0.257156439886853
84	7	0.419310710895116
84	8	0.686513285804691
84	9	1.06133689923843
84	10	1.51152751522700
84	11	1.97725494301691
84	12	2.40148599955841
84	13	2.75361239898768
84	14	3.05451943719729
84	15	3.37101668506445
84	16	3.76792882954772
84	17	4.27039582745793
84	18	4.83106284607098
84	19	5.3180669602769
84	20	5.56553318868595
84	21	5.43577943594991
84	22	4.89896203578132
84	23	4.06298225875805
84	24	3.13516685809556
84	25	2.32442652124055
84	26	1.72844801637921
84	27	1.26970529416771
84	28	0.829212441433287
84	29	0.377843184819804
84	30	0
84	31	0
84	32	0
84	33	0
84	34	0
84	35	0
84	36	0
84	37	0
84	38	0
84	39	0
84	40	0
84	41	0
84	42	0
84	43	0
84	44	0
84	45	0
84	46	0
84	47	0
84	48	0
84	49	0
84	50	0
85	-15	0
85	-14	0
85	-13	0
85	-12	0
85	-11	0
85	-10	0
85	-9	0
85	-8	0
85	-7	0
85	-6	0
85	-5	0
85	-4	0
85	-3	0
85	-2	0
85	-1	0
85	0	0
85	1	0.0246693011546372
85	2	0.0842459899492357
85	3	0.133414060784702
85	4	0.163816822487953
85	5	0.206895061448993
85	6	0.309893005379919
85	7	0.515063631924438
85	8	0.845935038922803
85	9	1.29046691749529
85	10	1.79951547369816
85	11	2.29693636363262
85	12	2.72315910898554
85	13	3.05873535717979
85	14	3.35143242359458
85	15	3.68388621374706
85	16	4.12294845410614
85	17	4.683144014356
85	18	5.29506807889655
85	19	5.79349327590503
85	20	5.99618141712321
85	21	5.79090620890398
85	22	5.16875190253165
85	23	4.24682444137926
85	24	3.25521499485373
85	25	2.40439234044349
85	26	1.76552990978512
85	27	1.25188757726886
85	28	0.750053463050779
85	29	0.259228602444459
85	30	0
85	31	0
85	32	0
85	33	0
85	34	0
85	35	0
85	36	0
85	37	0
85	38	0
85	39	0
85	40	0
85	41	0
85	42	0
85	43	0
85	44	0
85	45	0
85	46	0
85	47	0
85	48	0
85	49	0
85	50	0
86	-15	0
86	-14	0
86	-13	0
86	-12	0
86	-11	0
86	-10	0
86	-9	0
86	-8	0
86	-7	0
86	-6	0
86	-5	0
86	-4	0
86	-3	0
86	-2	0
86	-1	0
86	0	0
86	1	0.0525235306901992
86	2	0.116900824764625
86	3	0.163913077765348
86	4	0.191821030320527
86	5	0.238213214758966
86	6	0.363271167582074
86	7	0.618807864068492
86	8	1.02620623010233
86	9	1.55404347521630
86	10	2.13117429165209
86	11	2.66324587030961
86	12	3.08791335715579
86	13	3.40515137597928
86	14	3.68457888487736
86	15	4.0231522680138
86	16	4.49351712393791
86	17	5.09794842125431
86	18	5.74013108982300
86	19	6.23298391096762
86	20	6.39290058189924
86	21	6.12094906831132
86	22	5.40957692608977
86	23	4.38758155569537
86	24	3.30156214943599
86	25	2.36547199673655
86	26	1.65142852443701
86	27	1.07747529769418
86	28	0.545808561515207
86	29	0.0511661854761902
86	30	0
86	31	0
86	32	0
86	33	0
86	34	0
86	35	0
86	36	0
86	37	0
86	38	0
86	39	0
86	40	0
86	41	0
86	42	0
86	43	0
86	44	0
86	45	0
86	46	0
86	47	0
86	48	0
86	49	0
86	50	0
87	-15	0
87	-14	0
87	-13	0
87	-12	0
87	-11	0
87	-10	0
87	-9	0.0070460039741378
87	-8	0.0140512306287648
87	-7	0.0130834311831347
87	-6	0.00190653620305126
87	-5	0
87	-4	0
87	-3	0
87	-2	0
87	-1	0
87	0	0.00679564967835156
87	1	0.0672072259154746
87	2	0.126770404631673
87	3	0.172300697511865
87	4	0.209351530495351
87	5	0.272872310327667
87	6	0.434461658082584
87	7	0.752984788361006
87	8	1.24512302967975
87	9	1.86344999181147
87	10	2.51057494896699
87	11	3.07573898014849
87	12	3.49400207828173
87	13	3.78638197708583
87	14	4.05059904197032
87	15	4.39496982548461
87	16	4.88762019065911
87	17	5.51415045589909
87	18	6.15982548076293
87	19	6.63692323812647
87	20	6.7572320653312
87	21	6.40642438517511
87	22	5.58490293781282
87	23	4.44512821497174
87	24	3.2356628539145
87	25	2.19052380755933
87	26	1.39571770185481
87	27	0.781397127504093
87	28	0.254599156363543
87	29	0
87	30	0
87	31	0
87	32	0
87	33	0
87	34	0
87	35	0
87	36	0
87	37	0
87	38	0
87	39	0
87	40	0
87	41	0
87	42	0
87	43	0
87	44	0
87	45	0
87	46	0
87	47	0
87	48	0
87	49	0
87	50	0
88	-15	0
88	-14	0.00197617184055265
88	-13	0.00694635656218678
88	-12	0.0150208830223093
88	-11	0.0263228762978369
88	-10	0.0396143823123436
88	-9	0.0515623453799752
88	-8	0.0574078791900978
88	-7	0.0525139292906078
88	-6	0.0349115678871552
88	-5	0.00774389836684358
88	-4	0
88	-3	0
88	-2	0
88	-1	0
88	0	0.0157899709130572
88	1	0.0706653654396409
88	2	0.124657212753767
88	3	0.173352560536983
88	4	0.228953294150706
88	5	0.331141747532290
88	6	0.551330527890092
88	7	0.947123749196481
88	8	1.52328700201658
88	9	2.22240840537617
88	10	2.92768598742043
88	11	3.51646548106743
88	12	3.91793810319518
88	13	4.17347974128710
88	14	4.41607644022423
88	15	4.76039951714359
88	16	5.26844489675019
88	17	5.89824289674442
88	18	6.52977725282186
88	19	6.9823288781938
88	20	7.05838112598538
88	21	6.62929206886047
88	22	5.69501962975618
88	23	4.42290918035065
88	24	3.08205876749228
88	25	1.93140887783358
88	26	1.08403445384925
88	27	0.45553176353683
88	28	0
88	29	0
88	30	0
88	31	0
88	32	0
88	33	0
88	34	0
88	35	0
88	36	0
88	37	0
88	38	0
88	39	0
88	40	0
88	41	0
88	42	0
88	43	0
88	44	0
88	45	0
88	46	0
88	47	0
88	48	0
88	49	0
88	50	0
89	-15	0.0123940214588473
89	-14	0.0197022184061028
89	-13	0.0301600772740120
89	-12	0.0442002966346482
89	-11	0.0614965964270218
89	-10	0.0801246339792514
89	-9	0.0957961640587959
89	-8	0.103669014245501
89	-7	0.09860602805195
89	-6	0.0781545861352952
89	-5	0.0452296143661872
89	-4	0.00862209704679445
89	-3	0
89	-2	0
89	-1	0
89	0	0.0170377337571015
89	1	0.068010471116525
89	2	0.125778048921272
89	3	0.190866949416115
89	4	0.282379882297629
89	5	0.448722862619584
89	6	0.750538414761435
89	7	1.22974743735959
89	8	1.87622791845974
89	9	2.62408820102491
89	10	3.35361760679101
89	11	3.93568278050238
89	12	4.2992557512914
89	13	4.51623962714089
89	14	4.74025162768803
89	15	5.0883131140604
89	16	5.59949453290067
89	17	6.21988164246908
89	18	6.82510481375865
89	19	7.2316789133046
89	20	7.25372597331245
89	21	6.74946856528187
89	22	5.72076443939145
89	23	4.35090820163967
89	24	2.92007709388045
89	25	1.69428749745333
89	26	0.820921807091377
89	27	0.183631524193233
89	28	0
89	29	0
89	30	0
89	31	0
89	32	0
89	33	0
89	34	0
89	35	0
89	36	0
89	37	0
89	38	0
89	39	0
89	40	0
89	41	0
89	42	0
89	43	0
89	44	0
89	45	0
89	46	0
89	47	0
89	48	0
89	49	0
89	50	0
90	-15	0.0227057035869172
90	-14	0.033412094574717
90	-13	0.0477203542953036
90	-12	0.0658627226821742
90	-11	0.087319368709263
90	-10	0.110111285493098
90	-9	0.129781695070608
90	-8	0.141619709863712
90	-7	0.138274030606417
90	-6	0.116058984558615
90	-5	0.0777673280852849
90	-4	0.0322790991169277
90	-3	0
90	-2	0
90	-1	0
90	0	0.0100802648530450
90	1	0.067854589692496
90	2	0.145059808000027
90	3	0.248031318726393
90	4	0.401760625651483
90	5	0.655485887800556
90	6	1.05260819079225
90	7	1.60225583522791
90	8	2.28780858694062
90	9	3.03159836983111
90	10	3.72706195770839
90	11	4.26129109848277
90	12	4.58655746292067
90	13	4.78254894345342
90	14	5.00013635221541
90	15	5.35886574629117
90	16	5.87512128179647
90	17	6.48207135326735
90	18	7.0500264571004
90	19	7.38528874399866
90	20	7.32698389833554
90	21	6.75685037536396
90	22	5.67345361040111
90	23	4.27096763482187
90	24	2.81959979492528
90	25	1.57846316395519
90	26	0.677464246859753
90	27	0.0181632840169028
90	28	0
90	29	0
90	30	0
90	31	0
90	32	0
90	33	0
90	34	0
90	35	0
90	36	0
90	37	0
90	38	0
90	39	0
90	40	0
90	41	0
90	42	0
90	43	0
90	44	0
90	45	0
90	46	0
90	47	0
90	48	0
90	49	0
90	50	0
91	-15	0.0283177758918347
91	-14	0.0406694957648273
91	-13	0.0566630492023155
91	-12	0.076332108827952
91	-11	0.0989890503887174
91	-10	0.122720904246866
91	-9	0.144083318171988
91	-8	0.158059683416118
91	-7	0.157078624418833
91	-6	0.131303428827809
91	-5	0.0857529349169493
91	-4	0.0329607115574782
91	-3	0
91	-2	0
91	-1	0
91	0	0
91	1	0.071652024515504
91	2	0.193769677176588
91	3	0.365907987308185
91	4	0.609817296585236
91	5	0.963391038726824
91	6	1.44987651506252
91	7	2.05295753778279
91	8	2.73288365244022
91	9	3.41872590484772
91	10	4.03029684259618
91	11	4.49497474141319
91	12	4.78686499657363
91	13	4.98094427170037
91	14	5.21015268164957
91	15	5.57788294787400
91	16	6.10312897033415
91	17	6.70735849674182
91	18	7.23021907797457
91	19	7.48575325037168
91	20	7.33198733691694
91	21	6.69262088154388
91	22	5.59788107869119
91	23	4.22694470026321
91	24	2.81737335672152
91	25	1.60195638341995
91	26	0.672637163884081
91	27	0
91	28	0
91	29	0
91	30	0
91	31	0
91	32	0
91	33	0
91	34	0
91	35	0
91	36	0
91	37	0
91	38	0
91	39	0
91	40	0
91	41	0
91	42	0
91	43	0
91	44	0
91	45	0
91	46	0
91	47	0
91	48	0
91	49	0
91	50	0
92	-15	0.0280594903230786
92	-14	0.0401646851912185
92	-13	0.0555296046418376
92	-12	0.0739780998704775
92	-11	0.0946995964397153
92	-10	0.115960286294136
92	-9	0.134869975602539
92	-8	0.146943424833405
92	-7	0.144345067628936
92	-6	0.11388948564559
92	-5	0.0609683484146566
92	-4	0.00167546827705234
92	-3	0
92	-2	0
92	-1	0
92	0	0
92	1	0.0850025111579268
92	2	0.276134852403185
92	3	0.546198301915961
92	4	0.904492338255176
92	5	1.36431917397251
92	6	1.92140247990245
92	7	2.54393913621917
92	8	3.18321983793060
92	9	3.78085994472241
92	10	4.28622965761538
92	11	4.66947569126642
92	12	4.92769222053407
92	13	5.13147152638898
92	14	5.38682123024489
92	15	5.77020289454701
92	16	6.30491353770273
92	17	6.90506100827985
92	18	7.38769964260806
92	19	7.56878873324221
92	20	7.323587062465
92	21	6.62359118019974
92	22	5.54108342546575
92	23	4.2332607016522
92	24	2.89944563629444
92	25	1.71579885702259
92	26	0.765429855271915
92	27	0.0280743687809725
92	28	0
92	29	0
92	30	0
92	31	0
92	32	0
92	33	0
92	34	0
92	35	0
92	36	0
92	37	0
92	38	0
92	39	0
92	40	0
92	41	0
92	42	0
92	43	0
92	44	0
92	45	0
92	46	0
92	47	0
92	48	0
92	49	0
92	50	0
93	-15	0.0216611387994735
93	-14	0.0317696384062892
93	-13	0.0444047416041181
93	-12	0.0591630927495622
93	-11	0.075077179360104
93	-10	0.0904150942841845
93	-9	0.102456885652619
93	-8	0.107062403484229
93	-7	0.0973579095288594
93	-6	0.0620512624613151
93	-5	0.00376266368190431
93	-4	0
93	-3	0
93	-2	0
93	-1	0
93	0	0
93	1	0.113088796574549
93	2	0.390696715901114
93	3	0.77406973347116
93	4	1.25377361973526
93	5	1.8157516571954
93	6	2.42528347758379
93	7	3.03680067917694
93	8	3.61217816307779
93	9	4.11150106806199
93	10	4.50582322704699
93	11	4.79924850331639
93	12	5.02256401243003
93	13	5.24033916682787
93	14	5.53014840276415
93	15	5.94990651907402
93	16	6.49968741889066
93	17	7.07943343009924
93	18	7.51395861430881
93	19	7.63343751840922
93	20	7.32418628666405
93	21	6.58078155050908
93	22	5.5115404437068
93	23	4.26296799029338
93	24	2.99766697624193
93	25	1.85087835669930
93	26	0.90683217271785
93	27	0.151490166971191
93	28	0
93	29	0
93	30	0
93	31	0
93	32	0
93	33	0
93	34	0
93	35	0
93	36	0
93	37	0
93	38	0
93	39	0
93	40	0
93	41	0
93	42	0
93	43	0
93	44	0
93	45	0
93	46	0
93	47	0
93	48	0
93	49	0
93	50	0
94	-15	0.00967935574181766
94	-14	0.0164146661773309
94	-13	0.0247225941066987
94	-12	0.0339673292890591
94	-11	0.0429840685836894
94	-10	0.0499087854145152
94	-9	0.051959174851319
94	-8	0.045080692491208
94	-7	0.0235352359548335
94	-6	0
94	-5	0
94	-4	0
94	-3	0
94	-2	0
94	-1	0
94	0	0
94	1	0.156061132054789
94	2	0.524469613663186
94	3	1.01595001129532
94	4	1.60428379190941
94	5	2.25113703129193
94	6	2.89772049163768
94	7	3.48437677433016
94	8	3.98788295650032
94	9	4.39339935499699
94	10	4.68887529525495
94	11	4.90033128397882
94	12	5.08794227064148
94	13	5.3131936415526
94	14	5.63664735965787
94	15	6.09289050197803
94	16	6.65311312848107
94	17	7.20689197093019
94	18	7.59080952130967
94	19	7.64780884709911
94	20	7.29535527729654
94	21	6.54259936714619
94	22	5.4999119095181
94	23	4.30687008794456
94	24	3.10370908947732
94	25	2.00793610411696
94	26	1.08551836971580
94	27	0.323321870830638
94	28	0
94	29	0
94	30	0
94	31	0
94	32	0
94	33	0
94	34	0
94	35	0
94	36	0
94	37	0
94	38	0
94	39	0
94	40	0
94	41	0
94	42	0
94	43	0
94	44	0
94	45	0
94	46	0
94	47	0
94	48	0
94	49	0
94	50	0
95	-15	0
95	-14	0
95	-13	0
95	-12	0.0017410046810592
95	-11	0.00299106800402493
95	-10	0.00074321996660831
95	-9	0
95	-8	0
95	-7	0
95	-6	0
95	-5	0
95	-4	0
95	-3	0
95	-2	0
95	-1	0
95	0	0
95	1	0.215476351739797
95	2	0.66131842169219
95	3	1.23752737427774
95	4	1.90609478162247
95	5	2.61028528145536
95	6	3.27562907638492
95	7	3.83949700692636
95	8	4.28669847229448
95	9	4.61368935361524
95	10	4.82452493703629
95	11	4.97038397610174
95	12	5.13013114279054
95	13	5.35749029256037
95	14	5.69379808995552
95	15	6.16976789556068
95	16	6.7301808488576
95	17	7.25363751529747
95	18	7.59124625366837
95	19	7.59453494602368
95	20	7.21473145648386
95	21	6.48112223090317
95	22	5.48730093768666
95	23	4.36050490195878
95	24	3.22381542973577
95	25	2.18970188503258
95	26	1.2924865300747
95	27	0.526997944220822
95	28	0
95	29	0
95	30	0
95	31	0
95	32	0
95	33	0
95	34	0
95	35	0
95	36	0
95	37	0
95	38	0
95	39	0
95	40	0
95	41	0
95	42	0
95	43	0
95	44	0
95	45	0
95	46	0
95	47	0
95	48	0
95	49	0
95	50	0
96	-15	0
96	-14	0
96	-13	0
96	-12	0
96	-11	0
96	-10	0
96	-9	0
96	-8	0
96	-7	0
96	-6	0
96	-5	0
96	-4	0
96	-3	0
96	-2	0
96	-1	0
96	0	0
96	1	0.29746533921194
96	2	0.792281404123098
96	3	1.41948658637908
96	4	2.13063880714259
96	5	2.86027512913075
96	6	3.52787095695834
96	7	4.08000222676490
96	8	4.48674661358373
96	9	4.75082409472552
96	10	4.90377446913464
96	11	5.00963933144012
96	12	5.15010399263709
96	13	5.37041373904239
96	14	5.70798265410948
96	15	6.18308502394517
96	16	6.7221200750788
96	17	7.20253647853223
96	18	7.48105492105378
96	19	7.45216551773116
96	20	7.06396560941735
96	21	6.36528011935532
96	22	5.44364751753045
96	23	4.40364539001658
96	24	3.34928883612198
96	25	2.37412856940273
96	26	1.50463361119098
96	27	0.742635593914119
96	28	0.0810055314170605
96	29	0
96	30	0
96	31	0
96	32	0
96	33	0
96	34	0
96	35	0
96	36	0
96	37	0
96	38	0
96	39	0
96	40	0
96	41	0
96	42	0
96	43	0
96	44	0
96	45	0
96	46	0
96	47	0
96	48	0
96	49	0
96	50	0
97	-15	0
97	-14	0
97	-13	0
97	-12	0
97	-11	0
97	-10	0
97	-9	0
97	-8	0
97	-7	0
97	-6	0
97	-5	0
97	-4	0
97	-3	0
97	-2	0
97	-1	0
97	0	0.0397489749853233
97	1	0.401545116581207
97	2	0.914583325447802
97	3	1.55713917444691
97	4	2.27329078566215
97	5	2.99657438086254
97	6	3.6578756320212
97	7	4.20050162392033
97	8	4.58188979037810
97	9	4.80640609543357
97	10	4.93143619095355
97	11	5.02593897019403
97	12	5.1549048018457
97	13	5.36132098525607
97	14	5.68631725009044
97	15	6.1390865385354
97	16	6.62955999652146
97	17	7.04710161675173
97	18	7.26104274282067
97	19	7.19343397410796
97	20	6.82692517319337
97	21	6.18791571996122
97	22	5.35521587542148
97	23	4.41666925524416
97	24	3.45582379240615
97	25	2.54007673485854
97	26	1.70225908546473
97	27	0.951483164214654
97	28	0.286594449646103
97	29	0
97	30	0
97	31	0
97	32	0
97	33	0
97	34	0
97	35	0
97	36	0
97	37	0
97	38	0
97	39	0
97	40	0
97	41	0
97	42	0
97	43	0
97	44	0
97	45	0
97	46	0
97	47	0
97	48	0
97	49	0
97	50	0
98	-15	0
98	-14	0
98	-13	0
98	-12	0
98	-11	0
98	-10	0
98	-9	0
98	-8	0
98	-7	0
98	-6	0
98	-5	0
98	-4	0
98	-3	0
98	-2	0
98	-1	0
98	0	0.158467181865278
98	1	0.525234133801668
98	2	1.03186033344815
98	3	1.66154427347547
98	4	2.35330885785424
98	5	3.04540957585031
98	6	3.67875134133668
98	7	4.19455002681405
98	8	4.56144447666561
98	9	4.78293024321206
98	10	4.91178135918354
98	11	5.01563071804907
98	12	5.14681519775251
98	13	5.34634913949456
98	14	5.65286443884223
98	15	6.05181643466805
98	16	6.46763597265477
98	17	6.80083212838774
98	18	6.95062744353242
98	19	6.86114765855908
98	20	6.5221467113478
98	21	5.95677696475978
98	22	5.22129260330762
98	23	4.38575091897547
98	24	3.51656786272911
98	25	2.66677450526193
98	26	1.86915691548126
98	27	1.13869016051121
98	28	0.479459697209497
98	29	0
98	30	0
98	31	0
98	32	0
98	33	0
98	34	0
98	35	0
98	36	0
98	37	0
98	38	0
98	39	0
98	40	0
98	41	0
98	42	0
98	43	0
98	44	0
98	45	0
98	46	0
98	47	0
98	48	0
98	49	0
98	50	0
99	-15	0
99	-14	0
99	-13	0
99	-12	0
99	-11	0
99	-10	0
99	-9	0
99	-8	0
99	-7	0
99	-6	0
99	-5	0
99	-4	0
99	-3	0
99	-2	0
99	-1	0.0455315269691977
99	0	0.306798445358734
99	1	0.67620415569107
99	2	1.16346015012031
99	3	1.75299495520623
99	4	2.39668485133762
99	5	3.03762968542042
99	6	3.62282445453272
99	7	4.10416978293769
99	8	4.45994762580182
99	9	4.69658031811959
99	10	4.85108658204218
99	11	4.97642113780327
99	12	5.1239390800541
99	13	5.32829178818466
99	14	5.60401806889916
99	15	5.93550711016782
99	16	6.26462094056088
99	17	6.51175239562606
99	18	6.60538170069668
99	19	6.50268618663712
99	20	6.19355602496803
99	21	5.69609829688178
99	22	5.05117039786613
99	23	4.31135561477753
99	24	3.52886699985884
99	25	2.74716495842736
99	26	1.99663716874672
99	27	1.29486383238135
99	28	0.649819124448557
99	29	0.0631901560304265
99	30	0
99	31	0
99	32	0
99	33	0
99	34	0
99	35	0
99	36	0
99	37	0
99	38	0
99	39	0
99	40	0
99	41	0
99	42	0
99	43	0
99	44	0
99	45	0
99	46	0
99	47	0
99	48	0
99	49	0
99	50	0
100	-15	0
100	-14	0
100	-13	0
100	-12	0
100	-11	0
100	-10	0
100	-9	0
100	-8	0
100	-7	0
100	-6	0
100	-5	0
100	-4	0
100	-3	0
100	-2	0.00536165042078329
100	-1	0.194755033486008
100	0	0.46798094614488
100	1	0.834836913071161
100	2	1.29647938715216
100	3	1.83672468540947
100	4	2.41950355810880
100	5	2.99928639574749
100	6	3.5313566310527
100	7	3.97914908100657
100	8	4.32653125627128
100	9	4.57896544671946
100	10	4.76230884728266
100	11	4.91511964079022
100	12	5.08058594234641
100	13	5.2836802888602
100	14	5.52710635046056
100	15	5.79405647942607
100	16	6.04214032985151
100	17	6.21484225638423
100	18	6.26065919011973
100	19	6.14680003200417
100	20	5.86380373955484
100	21	5.42405788065756
100	22	4.85700837217686
100	23	4.20170618785620
100	24	3.49866149712326
100	25	2.78347287229761
100	26	2.08328360302683
100	27	1.41611569633949
100	28	0.792205665903007
100	29	0.21601823613362
100	30	0
100	31	0
100	32	0
100	33	0
100	34	0
100	35	0
100	36	0
100	37	0
100	38	0
100	39	0
100	40	0
100	41	0
100	42	0
100	43	0
100	44	0
100	45	0
100	46	0
100	47	0
100	48	0
100	49	0
100	50	0
