"RH"	"C"	"monthly.gam.surface"
70	3	0.308974340066793
70	4	0.383285615877133
70	5	0.470291352404261
70	6	0.571393348538288
70	7	0.676144378503524
70	8	0.770026424172662
70	9	0.843481766103206
70	10	0.907614702062487
70	11	0.980908758223336
70	12	1.07135923027393
70	13	1.17270302066567
70	14	1.27349517711746
70	15	1.36490012186094
70	16	1.43457627396556
70	17	1.47317655002135
70	18	1.47536005857082
70	19	1.44399507615673
70	20	1.39743975448085
70	21	1.34746185536929
70	22	1.29317787616780
70	23	1.22242379877276
70	24	1.10422562018729
70	25	0.929899919836645
70	26	0.729576473560607
70	27	0.54092418976842
70	28	0.378354537160295
70	29	0.234057831658331
70	30	0.092789363446713
70	31	0
70	32	0
70	33	0
70	34	0
70	35	0
71	3	0.326854017928461
71	4	0.407987639136816
71	5	0.503702438664299
71	6	0.612586925498634
71	7	0.722635733200655
71	8	0.816932801847775
71	9	0.889572050296332
71	10	0.955481174966265
71	11	1.03950340703665
71	12	1.15072185032928
71	13	1.27487317410984
71	14	1.38716946911468
71	15	1.47699388976693
71	16	1.5398052445856
71	17	1.57838399795617
71	18	1.59652425461109
71	19	1.59309121019610
71	20	1.57473234356950
71	21	1.54644259328409
71	22	1.49708890301192
71	23	1.39904341871935
71	24	1.23262330278169
71	25	1.00505592128465
71	26	0.762871061637656
71	27	0.552182098732951
71	28	0.382782315135469
71	29	0.239147832404885
71	30	0.0978421189317737
71	31	0
71	32	0
71	33	0
71	34	0
71	35	0
72	3	0.355506671959143
72	4	0.446117472468522
72	5	0.55018565489138
72	6	0.662921832033058
72	7	0.77029656735397
72	8	0.858984346254046
72	9	0.929177658458775
72	10	1.00160666427711
72	11	1.10118731837476
72	12	1.23295104221205
72	13	1.37425494671713
72	14	1.49253480529484
72	15	1.57710574208561
72	16	1.63448739274234
72	17	1.68396490004542
72	18	1.73312416644720
72	19	1.76459190489397
72	20	1.76650742425588
72	21	1.74029679559135
72	22	1.67686061398715
72	23	1.54464941320301
72	24	1.33139204346082
72	25	1.05900536963463
72	26	0.78255795568323
72	27	0.553989357188308
72	28	0.378430652924233
72	29	0.233762745228803
72	30	0.092046472101862
72	31	0
72	32	0
72	33	0
72	34	0
72	35	0
73	3	0.381348126490635
73	4	0.483041664899139
73	5	0.596138018857105
73	6	0.711863275812612
73	7	0.81657715759302
73	8	0.90258525139293
73	9	0.97612732796085
73	10	1.06103242389964
73	11	1.17775802274370
73	12	1.32419761012889
73	13	1.47384536647878
73	14	1.59471411300828
73	15	1.67947882472432
73	16	1.74349054133733
73	17	1.81417519569609
73	18	1.8977230644883
73	19	1.95320065905931
73	20	1.94920513200069
73	21	1.8918508819236
73	22	1.79243162119471
73	23	1.62993537694805
73	24	1.38997354661047
73	25	1.09607929891677
73	26	0.803349602090065
73	27	0.563711738063966
73	28	0.380110601083446
73	29	0.228455753732851
73	30	0.0825675601691812
73	31	0
73	32	0
73	33	0
73	34	0
73	35	0
74	3	0.391954649383531
74	4	0.506158445382128
74	5	0.629796225360522
74	6	0.751889747502732
74	7	0.859539215814522
74	8	0.951339586880268
74	9	1.03826090009738
74	10	1.14214823736983
74	11	1.27670946468958
74	12	1.43509801601979
74	13	1.59118143976610
74	14	1.71769954483641
74	15	1.81269668216844
74	16	1.89857761316288
74	17	1.99803352674479
74	18	2.10236916915549
74	19	2.15770037091132
74	20	2.12373075148508
74	21	2.01753572723729
74	22	1.87549914859055
74	23	1.69317320359259
74	24	1.44607465402138
74	25	1.14967204065867
74	26	0.852421289380145
74	27	0.600358474044553
74	28	0.401697548812448
74	29	0.235921154640927
74	30	0.0809163105395795
74	31	0
74	32	0
74	33	0
74	34	0
74	35	0
75	3	0.390334071048879
75	4	0.516130769045932
75	5	0.650638667192079
75	6	0.781148233252827
75	7	0.898894379895424
75	8	1.00608192279974
75	9	1.11559809450100
75	10	1.24435779977767
75	11	1.39804349615064
75	12	1.56791280420850
75	13	1.73210925985387
75	14	1.87202961538246
75	15	1.98953339249453
75	16	2.10535717080540
75	17	2.23075491181115
75	18	2.33738312431174
75	19	2.37167543820914
75	20	2.30834533221883
75	21	2.16904949340460
75	22	2.00318485524101
75	23	1.80809067322887
75	24	1.55184247338290
75	25	1.24669729845607
75	26	0.937325278235976
75	27	0.66606535752417
75	28	0.445486262316319
75	29	0.260489133568019
75	30	0.092244178897641
75	31	0
75	32	0
75	33	0
75	34	0
75	35	0
76	3	0.395115317774775
76	4	0.526459214935404
76	5	0.66712845304336
76	6	0.804504258016146
76	7	0.933633246957665
76	8	1.06011128682667
76	9	1.19591279863187
76	10	1.35142395411800
76	11	1.52578167920373
76	12	1.70878414777988
76	13	1.88476673651088
76	14	2.04299474211539
76	15	2.18765904821126
76	16	2.33013696096550
76	17	2.46328082419434
76	18	2.55844469807422
76	19	2.57872545302037
76	20	2.51280838042402
76	21	2.38057352194952
76	22	2.21470259598192
76	23	2.00488568348108
76	24	1.7216526249522
76	25	1.38218460282198
76	26	1.04137229320646
76	27	0.744780202802575
76	28	0.503809146758897
76	29	0.300598569332171
76	30	0.116636419442056
76	31	0
76	32	0
76	33	0
76	34	0
76	35	0
77	3	0.418117566453562
77	4	0.548591927897982
77	5	0.687441365706051
77	6	0.824613415693084
77	7	0.959924323542504
77	8	1.10218729377771
77	9	1.26156353186387
77	10	1.44298988457188
77	11	1.63826433611631
77	12	1.83433759179113
77	13	2.02287449817215
77	14	2.19650229151524
77	15	2.36033257324774
77	16	2.51683051558808
77	17	2.65126859232447
77	18	2.73988369416254
77	19	2.76771562841822
77	20	2.73155315466624
77	21	2.63758579458979
77	22	2.48697334442774
77	23	2.25610889533431
77	24	1.92469344030417
77	25	1.52898347178172
77	26	1.14606346990971
77	27	0.824670013719768
77	28	0.568495430648674
77	29	0.350146054803921
77	30	0.150103991743204
77	31	0
77	32	0
77	33	0
77	34	0
77	35	0
78	3	0.458492385500890
78	4	0.582760211007934
78	5	0.711748977277442
78	6	0.840095759047676
78	7	0.973508722092984
78	8	1.12394695465314
78	9	1.30057581297258
78	10	1.50389378128562
78	11	1.71874870864428
78	12	1.92818728783571
78	13	2.12760737255490
78	14	2.31547828433767
78	15	2.49506412729902
78	16	2.66259855935136
78	17	2.80573865032229
78	18	2.9088545602224
78	19	2.96641716585437
78	20	2.97726258293011
78	21	2.92652206192825
78	22	2.78346713357586
78	23	2.51420905769569
78	24	2.11896322146842
78	25	1.66385838585624
78	26	1.24324379538589
78	27	0.904840279698376
78	28	0.637178354399302
78	29	0.40315105451816
78	30	0.187541018970632
78	31	0
78	32	0
78	33	0
78	34	0
78	35	0
79	3	0.505458029809964
79	4	0.619121399680205
79	5	0.731655855883205
79	6	0.844528112229248
79	7	0.97084818840724
79	8	1.12509001417174
79	9	1.31417500124846
79	10	1.53465290222705
79	11	1.76981449381666
79	12	1.99940365917004
79	13	2.21596817016226
79	14	2.4224378871578
79	15	2.62397004077586
79	16	2.81287068323906
79	17	2.97926369319266
79	18	3.11727083109297
79	19	3.21706856815932
79	20	3.27480685842143
79	21	3.25357799967087
79	22	3.09270276019076
79	23	2.76048897854666
79	24	2.29421629589815
79	25	1.78697784764934
79	26	1.33909415202499
79	27	0.989147881129867
79	28	0.70879813056271
79	29	0.455092615909458
79	30	0.224286076154247
79	31	0.0165560689503353
79	32	0
79	33	0
79	34	0
79	35	0
80	3	0.541764785371515
80	4	0.64390578043182
80	5	0.73828573239618
80	6	0.836037375600287
80	7	0.956507267514942
80	8	1.11570420946645
80	9	1.31866718362416
80	10	1.55926596260991
80	11	1.81979906162007
80	12	2.07815077755898
80	13	2.32303952774442
80	14	2.55758359186976
80	15	2.78709839981766
80	16	3.00441103121826
80	17	3.20374482924886
80	18	3.38533053156713
80	19	3.53607744120457
80	20	3.62825331856748
80	21	3.60818524866354
80	22	3.40203885901513
80	23	2.98858219401442
80	24	2.44601113153058
80	25	1.89203006087043
80	26	1.42742713630992
80	27	1.07017766629145
80	28	0.770101295337101
80	29	0.498073389274812
80	30	0.255573846703355
80	31	0.0407029898612619
80	32	0
80	33	0
80	34	0
80	35	0
81	3	0.558397850269295
81	4	0.65205134995209
81	5	0.734315550392571
81	6	0.824735252014054
81	7	0.945858471710882
81	8	1.11547422152758
81	9	1.33929324054127
81	10	1.60874619611587
81	11	1.90132935794862
81	12	2.19411887455405
81	13	2.47432965278476
81	14	2.74184914632338
81	15	3.00073555385798
81	16	3.24952070272428
81	17	3.48383179144753
81	18	3.70632007378636
81	19	3.89101551285874
81	20	3.99086042980706
81	21	3.94064868811476
81	22	3.66842904812547
81	23	3.17236247501158
81	24	2.56102935971427
81	25	1.96763911772266
81	26	1.48553024561456
81	27	1.11540032997962
81	28	0.803605700790311
81	29	0.524548767246283
81	30	0.278700084415063
81	31	0.0625220875229406
81	32	0
81	33	0
81	34	0
81	35	0
82	3	0.55760277288568
82	4	0.647717520313066
82	5	0.729133120346959
82	6	0.824230261556006
82	7	0.95772265122301
82	8	1.14749108737139
82	9	1.40037782191566
82	10	1.70267826721492
82	11	2.02881998807247
82	12	2.35575783008167
82	13	2.66889186163003
82	14	2.96595055528798
82	15	3.25060871032148
82	16	3.52469181758646
82	17	3.78613458475461
82	18	4.02758854092332
82	19	4.21437102339924
82	20	4.28562647373031
82	21	4.18430928846313
82	22	3.83815564758326
82	23	3.28029297029839
82	24	2.62506189810613
82	25	2.00497557025465
82	26	1.50584237181479
82	27	1.12334201119712
82	28	0.810373696962574
82	29	0.537210145946546
82	30	0.296847935988081
82	31	0.0849552594355902
82	32	0
82	33	0
82	34	0
82	35	0
83	3	0.548620913344163
83	4	0.6403467722421
83	5	0.73181134492401
83	6	0.84374861214915
83	7	1.00248688676365
83	8	1.22477718841851
83	9	1.51203274299331
83	10	1.84512177504598
83	11	2.19819715541903
83	12	2.55009401032374
83	13	2.88613461263478
83	14	3.20236615657052
83	15	3.50158912775639
83	16	3.78546297297074
83	17	4.0498993991884
83	18	4.27862758679076
83	19	4.43159798048167
83	20	4.45557847066843
83	21	4.30004328351727
83	22	3.90663438294795
83	23	3.31697785794804
83	24	2.64174359543720
83	25	2.01062974563037
83	26	1.50874025638481
83	27	1.12492681191941
83	28	0.815443881664623
83	29	0.55112501537856
83	30	0.319483666000063
83	31	0.114301262251975
83	32	0
83	33	0
83	34	0
83	35	0
84	3	0.537774901546914
84	4	0.639880217747367
84	5	0.75224358296189
84	6	0.89361840000788
84	7	1.08673922228
84	8	1.34751572329000
84	9	1.66749673026735
84	10	2.02416917018063
84	11	2.39241469498661
84	12	2.75550842021528
84	13	3.1022643210314
84	14	3.42501827433178
84	15	3.72434847369199
84	16	3.99986301824092
84	17	4.24344473718026
84	18	4.43284779935012
84	19	4.53098704075386
84	20	4.49857606852739
84	21	4.29402533345145
84	22	3.88440206721739
84	23	3.29824493354907
84	24	2.63684179102406
84	25	2.02094747410082
84	26	1.52853413924211
84	27	1.14855647813016
84	28	0.841659146277174
84	29	0.582920716653539
84	30	0.357695811513797
84	31	0.157919832441191
84	32	0
84	33	0
84	34	0
84	35	0
85	3	0.527580224596044
85	4	0.648546052197293
85	5	0.791990271698899
85	6	0.973584803121828
85	7	1.20892835807424
85	8	1.50496990207774
85	9	1.84861714361631
85	10	2.21865658223886
85	11	2.59219823488824
85	12	2.95541166892925
85	13	3.30028138486569
85	14	3.61750255052839
85	15	3.90591898298569
85	16	4.16111904913747
85	17	4.37032702793852
85	18	4.51120987518815
85	19	4.55413685919530
85	20	4.46797530696860
85	21	4.22469393931999
85	22	3.81197200980353
85	23	3.25681265282024
85	24	2.63825070912025
85	25	2.05675796927171
85	26	1.58352695960139
85	27	1.2077721400422
85	28	0.900421082169863
85	29	0.642779894314522
85	30	0.419399646002187
85	31	0.221525730349602
85	32	0.0439676399193398
85	33	0
85	34	0
85	35	0
86	3	0.520153194467432
86	4	0.666286535743408
86	5	0.847102070435244
86	6	1.07259960596402
86	7	1.34973075190970
86	8	1.67595170298148
86	9	2.03593630141907
86	10	2.41010362785452
86	11	2.78145948228006
86	12	3.13821059248986
86	13	3.47241392379351
86	14	3.77764122362866
86	15	4.04904259102782
86	16	4.27809604086988
86	17	4.45007786880283
86	18	4.54460366198318
86	19	4.53882342250396
86	20	4.41109635424367
86	21	4.14546160040373
86	22	3.74104071575667
86	23	3.22579902033258
86	24	2.66137878396548
86	25	2.12731127132276
86	26	1.67532425838684
86	27	1.30371438957608
86	28	0.99486861578503
86	29	0.733657190445623
86	30	0.507504533430124
86	31	0.307679780829171
86	32	0.128596584921823
86	33	0
86	34	0
86	35	0
87	3	0.520280113604521
87	4	0.697079963574569
87	5	0.917301737612665
87	6	1.18543264240859
87	7	1.50021309845325
87	8	1.85180516024139
87	9	2.22366201752117
87	10	2.59874190630041
87	11	2.96309404401123
87	12	3.30730750242246
87	13	3.62577602146843
87	14	3.91369245599225
87	15	4.16366276644952
87	16	4.36450068697828
87	17	4.50124427491183
87	18	4.55540411099079
87	19	4.5107168537289
87	20	4.35490520619698
87	21	4.0813897919983
87	22	3.69423961971368
87	23	3.22066161575854
87	24	2.71125108921301
87	25	2.22341859256595
87	26	1.79357105948726
87	27	1.42806932971509
87	28	1.1177671290195
87	29	0.851744174230035
87	30	0.62027722667518
87	31	0.415729416833007
87	32	0.232601337037210
87	33	0.0669942339361198
87	34	0
87	35	0
88	3	0.540111964856627
88	4	0.752072524116194
88	5	1.01158682929187
88	6	1.31866967820062
88	7	1.66485464953417
88	8	2.03607241475614
88	9	2.41631481224576
88	10	2.7902226950293
88	11	3.14589330099072
88	12	3.47455876681123
88	13	3.77254314678164
88	14	4.03752228720564
88	15	4.2616903656003
88	16	4.43240868057933
88	17	4.53651535856109
88	18	4.5573210027523
88	19	4.48340426864954
88	20	4.31060247208272
88	21	4.03834292258149
88	22	3.67426298186583
88	23	3.24266374016232
88	24	2.78273760780085
88	25	2.33404654215050
88	26	1.92715578399017
88	27	1.57092442673862
88	28	1.26086481242573
88	29	0.990617707944443
88	30	0.753295095857244
88	31	0.542749769137958
88	32	0.354042451344293
88	33	0.183387117310112
88	34	0.0279061218715607
88	35	0
89	3	0.599097662523404
89	4	0.848299905818936
89	5	1.14599834304891
89	6	1.48376488818840
89	7	1.85210872901802
89	8	2.23714340584918
89	9	2.62267231275768
89	10	2.99335005443153
89	11	3.3382004587779
89	12	3.64933423619331
89	13	3.92413374016672
89	14	4.16081857100278
89	15	4.35321251392724
89	16	4.49104335997382
89	17	4.56273494411370
89	18	4.55615647258989
89	19	4.46294306338232
89	20	4.28213783287963
89	21	4.01707269988105
89	22	3.6780126553317
89	23	3.28551435891770
89	24	2.86832645639472
89	25	2.45586641655353
89	26	2.07129911580329
89	27	1.72489003234936
89	28	1.41680256501766
89	29	1.14377544429703
89	30	0.901286976733255
89	31	0.684703579428692
89	32	0.489893066548928
89	33	0.3134227844632
89	34	0.152529458427007
89	35	0.0050055754362297
90	3	0.717614569657388
90	4	0.997526513434136
90	5	1.32346832528167
90	6	1.68338581892906
90	7	2.06704806733578
90	8	2.46125823982506
90	9	2.84884147172547
90	10	3.21306480785776
90	11	3.54331277451866
90	12	3.83308423901188
90	13	4.08057587988097
90	14	4.28517539901135
90	15	4.44353215965838
90	16	4.54822645132522
90	17	4.58995919173528
90	18	4.56018126185197
90	19	4.45381247489912
90	20	4.27094946739002
90	21	4.0166326424607
90	22	3.7015528593844
90	23	3.34279422862947
90	24	2.96205735108818
90	25	2.58138649432415
90	26	2.21846963626404
90	27	1.88337665615650
90	28	1.57925976243437
90	29	1.30536555067326
90	30	1.05912509707087
90	31	0.837309737863322
90	32	0.636684081733137
90	33	0.45432433591053
90	34	0.287723711807766
90	35	0.134785489602474
91	3	0.897327425565338
91	4	1.19632446704344
91	5	1.54048183585061
91	6	1.91519502803249
91	7	2.30928563650694
91	8	2.70843910549313
91	9	3.09327052985987
91	10	3.44707723892481
91	11	3.75850153767127
91	12	4.02254657644249
91	13	4.23894871403424
91	14	4.40950237191268
91	15	4.5344829358118
91	16	4.60830234299894
91	17	4.62360447770899
91	18	4.57461252661509
91	19	4.45850217968412
91	20	4.27639282129763
91	21	4.03368184827188
91	22	3.74021212814649
91	23	3.41002138393524
91	24	3.05986568342784
91	25	2.7065455959043
91	26	2.36400269180383
91	27	2.04142928428362
91	28	1.74327143837773
91	29	1.4705601388279
91	30	1.22231941434725
91	31	0.996571299885075
91	32	0.790973355667732
91	33	0.603186938050609
91	34	0.431060311222653
91	35	0.272696851707616
92	3	1.12119874433201
92	4	1.43311252943357
92	5	1.78740438754089
92	6	2.16957490235062
92	7	2.56723497783661
92	8	2.96549706764833
92	9	3.34464954444787
92	10	3.68621845598893
92	11	3.97612700830896
92	12	4.21202698918951
92	13	4.39610079992939
92	14	4.53273672260444
92	15	4.62644766367754
92	16	4.67231538741269
92	17	4.66460628879589
92	18	4.59968446940223
92	19	4.47626850147365
92	20	4.29614020721944
92	21	4.06448667163717
92	22	3.78987509551207
92	23	3.48375526246677
92	24	3.15928041521753
92	25	2.82954885026081
92	26	2.50578566913454
92	27	2.19612790780001
92	28	1.90540308042756
92	29	1.63570378202592
92	30	1.38723155286870
92	31	1.15904900769259
92	32	0.949633456302818
92	33	0.757241926631053
92	34	0.580128597048019
92	35	0.416658897101856
93	3	1.37417445797024
93	4	1.69256798072289
93	5	2.04971287524511
93	6	2.4318207252061
93	7	2.82607314888721
93	8	3.2171904605186
93	9	3.5868427802408
93	10	3.91523466949308
93	11	4.18345526591375
93	12	4.39153851900353
93	13	4.54562925893522
93	14	4.65291530740971
93	15	4.71786889543815
93	16	4.73854058914132
93	17	4.71111233109745
93	18	4.63320183376005
93	19	4.50444413460263
93	20	4.32691827052168
93	21	4.10535841585312
93	22	3.84704190267067
93	23	3.56129486784625
93	24	3.25858732004511
93	25	2.94933687790254
93	26	2.6427199753445
93	27	2.34584068063794
93	28	2.06345815262459
93	29	1.79820864485046
93	30	1.55108506857021
93	31	1.32195376499147
93	32	1.10999218053404
93	33	0.91401379193897
93	34	0.732687341348976
93	35	0.56467219141341
94	3	1.63660025814519
94	4	1.95720363578347
94	5	2.31167957460136
94	6	2.68838283760095
94	7	3.07417685962836
94	8	3.45344674849431
94	9	3.80750145669455
94	10	4.11639905088167
94	11	4.36284477177829
94	12	4.54640175848355
94	13	4.67657713266453
94	14	4.76056503684686
94	15	4.80263867409492
94	16	4.80288585562423
94	17	4.75966369842232
94	18	4.67179328531636
94	19	4.53956527793242
94	20	4.36517025040468
94	21	4.15284025839961
94	22	3.90871638119607
94	23	3.64043099616361
94	24	3.35643013731224
94	25	3.06513892610415
94	26	2.77415087091426
94	27	2.48963478960147
94	28	2.21607351029335
94	29	1.956318956736
94	30	1.71185242578381
94	31	1.48312222680438
94	32	1.26986850162027
94	33	1.07139141434031
94	34	0.886751383303475
94	35	0.71490714746398
95	3	1.89575896089014
95	4	2.214740118146
95	5	2.56266022428845
95	6	2.92948907665739
95	7	3.30272042060335
95	8	3.66684063735394
95	9	4.00199584325142
95	10	4.28627613139773
95	11	4.50863334671492
95	12	4.67200795119301
95	13	4.78385404862874
95	14	4.85048956324001
95	15	4.87581315892292
95	16	4.86117553734998
95	17	4.80654649719825
95	18	4.71190124652901
95	19	4.57813480757201
95	20	4.40751988373781
95	21	4.20385209658185
95	22	3.97234660681693
95	23	3.71931538711202
95	24	3.45166902563578
95	25	3.17632483406576
95	26	2.8996361341688
95	27	2.62695699645101
95	28	2.36241237263919
95	29	2.10887566816830
95	30	1.86810051283151
95	31	1.64093345558695
95	32	1.42754503189497
95	33	1.22763984486649
95	34	1.04062773237191
95	35	0.865752565089792
96	3	2.14363490066592
96	4	2.45736576776353
96	5	2.79517699600271
96	6	3.14812445595577
96	7	3.50476845748657
96	8	3.85087209395383
96	9	4.16769034237413
96	10	4.42746072083621
96	11	4.62539303970343
96	12	4.77044478983759
96	13	4.86769607223115
96	14	4.92156309680074
96	15	4.93528531256094
96	16	4.91072045631013
96	17	4.84883735962296
96	18	4.75049898546599
96	19	4.61712091939831
96	20	4.45106751688781
96	21	4.25580008335910
96	22	4.03581612646625
96	23	3.79641636643305
96	24	3.54334500467631
96	25	3.28236658048847
96	26	3.01885596394476
96	27	2.75747339868431
96	28	2.50197037318787
96	29	2.25513415261930
96	30	2.01884566297954
96	31	1.79420883314421
96	32	1.58171002554668
96	33	1.38137668800229
96	34	1.19291710913860
96	35	1.01583366966306
97	3	2.37533680332447
97	4	2.68044864824546
97	5	3.00482913630151
97	6	3.34020783097833
97	7	3.67596515542443
97	8	3.99884431686045
97	9	4.29140746294192
97	10	4.53009943390378
97	11	4.71110906367634
97	12	4.84275330003719
97	13	4.9294033864468
97	14	4.97448338883428
97	15	4.98077702689963
97	16	4.9503450682637
97	17	4.88473841501723
97	18	4.78542372914371
97	19	4.65420943772193
97	20	4.4935422724312
97	21	4.30663719028864
97	22	4.097449003901
97	23	3.87051171503918
97	24	3.63068283529603
97	25	3.38284022085454
97	26	3.13158419478512
97	27	2.88099277064334
97	28	2.63446162563540
97	29	2.39463803825555
97	30	2.16343740988925
97	31	1.94211853468962
97	32	1.73139090996353
97	33	1.53153143221860
97	34	1.34249485494580
97	35	1.16400935309814
98	3	2.58835019004341
98	4	2.88201642486624
98	5	3.1903027618807
98	6	3.50536853063136
98	7	3.81718740644253
98	8	4.11331376746134
98	9	4.37870258695053
98	10	4.59887720199296
98	11	4.76887749619747
98	12	4.89180358774185
98	13	4.97148009763977
98	14	5.01106288892609
98	15	5.01318226897473
98	16	4.98002482098768
98	17	4.91348252259304
98	18	4.8154021736347
98	19	4.68785341128045
98	20	4.53333370909998
98	21	4.35486893330783
98	22	4.15600238841953
98	23	3.94068610621731
98	24	3.71310072650206
98	25	3.4774381418755
98	26	3.23768377279326
98	27	2.99743146139641
98	28	2.7597537200358
98	29	2.52713622566214
98	30	2.30147224478504
98	31	2.08410362060418
98	32	1.87589134847428
98	33	1.67729972461985
98	34	1.48848162915417
98	35	1.30935683231294
99	3	2.7819770342774
99	4	3.06215448932473
99	5	3.35270679134457
99	6	3.64624099491034
99	7	3.93354594676582
99	8	4.20374383636718
99	9	4.44512877244832
99	10	4.64778645625103
99	11	4.80695336910034
99	12	4.92281359024108
99	13	4.99761125849143
99	14	5.03391758123742
99	15	5.03415484541999
99	16	5.00052885766345
99	17	4.93509801515511
99	18	4.83991588680435
99	19	4.71719461181045
99	20	4.56943803859252
99	21	4.39951153960111
99	22	4.21063693395950
99	23	4.0063179140795
99	24	3.79021279835304
99	25	3.56597811341371
99	26	3.33710865114545
99	27	3.10679716128839
99	28	2.8778303444276
99	29	2.65252903920492
99	30	2.43273183236188
99	31	2.21981481611673
99	32	2.01473685511953
99	33	1.81809930988466
99	34	1.63021076606955
99	35	1.45114985244336
100	3	2.95677938964414
100	4	3.22226791841811
100	5	3.49449302238489
100	6	3.76664728892208
100	7	4.0305800144356
100	8	4.27719776232057
100	9	4.49741610817578
100	10	4.68379202414052
100	11	4.83203098025278
100	12	4.94104560921409
100	13	5.01176420659346
100	14	5.0459770226769
100	15	5.04572950418951
100	16	5.01309766419499
100	17	4.95015198116705
100	18	4.8590106472934
100	19	4.74192506023206
100	20	4.60135665886496
100	21	4.44001820309805
100	22	4.26086721263972
100	23	4.06705199068228
100	24	3.86182000292876
100	25	3.64840407594832
100	26	3.42990397547058
100	27	3.20917964794871
100	28	2.98876838928663
100	29	2.7708325968413
100	30	2.55713900209812
100	31	2.34906563716098
100	32	2.14762996958868
100	33	1.95353070618660
100	34	1.76719629714145
100	35	1.58883455632999
